1083.868 90296169 63230309
2167.736 11683432 2330552
3251.604 5370514 957464
4335.472 3122725 521161
5419.34 2027969 326650
6503.208 1417319 220765
7587.075999999999 1054115 160551
8670.944 807223 121305
9754.812 626525 93293
10838.68 499886 73459
11922.547999999999 398928 57736
13006.416 332299 48474
14090.284 276997 39634
15174.151999999998 235244 33452
16258.019999999999 194670 27851
17341.888 169621 24280
18425.755999999998 150352 21365
19509.624 128737 18050
20593.492 111116 15432
21677.36 101101 14124
22761.228 85868 11937
23845.095999999998 79667 11144
24928.964 68419 9634
26012.832 64360 8851
27096.699999999997 56976 8003
28180.568 51131 7054
29264.435999999998 48335 6660
30348.303999999996 39674 5625
31432.172 36588 5189
32516.039999999997 33541 4549
33599.907999999996 30321 4093
34683.776 26083 3790
35767.644 25566 3523
36851.511999999995 23781 3239
37935.38 20689 2869
39019.248 20118 2742
40103.115999999995 18634 2528
41186.984 17377 2444
42270.852 17044 2365
43354.72 14968 2103
44438.587999999996 14413 2029
45522.456 12948 1819
46606.324 12143 1740
47690.191999999995 11068 1481
48774.06 10715 1471
49857.928 9450 1346
50941.795999999995 8719 1164
52025.664 8173 1136
53109.532 7855 1082
54193.399999999994 7710 1041
55277.268 7228 1030
56361.136 6317 888
57445.00399999999 5653 791
58528.871999999996 5912 779
59612.74 5353 751
60696.60799999999 5572 806
61780.475999999995 3960 542
62864.344 5582 724
63948.212 4836 647
65032.079999999994 4160 580
66115.94799999999 3917 531
67199.81599999999 4439 629
68283.684 3209 482
69367.552 3135 409
70451.42 3234 436
71535.288 3284 410
72619.156 2719 407
73703.02399999999 2599 374
74786.89199999999 2858 398
75870.76 2289 321
76954.628 1958 267
78038.496 2529 351
79122.364 2427 341
80206.23199999999 2210 296
81290.09999999999 1858 265
82373.968 2217 309
83457.836 1421 211
84541.704 1849 227
85625.572 1286 196
86709.44 1644 244
87793.30799999999 1230 165
88877.17599999999 1031 137
89961.044 1144 160
91044.912 976 148
92128.78 1216 172
93212.648 1327 178
94296.51599999999 1038 144
95380.38399999999 1119 146
96464.252 1190 164
97548.12 1118 157
98631.988 690 99
99715.856 1125 137
100799.72399999999 706 117
101883.59199999999 572 85
102967.45999999999 666 101
104051.328 706 109
105135.196 564 86
106219.064 578 75
107302.932 729 92
108386.79999999999 780 112
109470.66799999999 631 102
110554.536 796 109
111638.404 549 78
112722.272 555 78
113806.14 426 58
114890.00799999999 464 73
115973.87599999999 651 79
117057.74399999999 864 109
118141.612 508 59
119225.48 453 69
120309.348 199 33
121393.21599999999 423 56
122477.08399999999 582 88
123560.95199999999 371 46
124644.81999999999 517 62
125728.688 362 53
126812.556 383 57
127896.424 568 86
128980.29199999999 394 62
130064.15999999999 206 34
131148.028 673 94
132231.89599999998 294 46
133315.764 327 46
134399.63199999998 229 33
135483.5 245 35
136567.368 322 49
137651.236 313 42
138735.104 397 59
139818.97199999998 362 47
140902.84 75 12
141986.70799999998 50 10
143070.576 445 41
144154.444 182 31
145238.312 113 18
146322.18 286 31
147406.04799999998 129 21
148489.916 35 6
149573.78399999999 34 6
150657.652 84 12
151741.52 183 24
152825.38799999998 62 7
153909.256 356 43
154993.12399999998 170 22
156076.992 215 32
157160.86 220 26
158244.728 87 15
159328.596 63 10
160412.46399999998 161 22
161496.332 171 25
162580.19999999998 158 19
163664.068 19 3
164747.936 54 9
165831.804 6 1
166915.672 222 24
167999.53999999998 102 14
169083.408 110 12
170167.27599999998 248 28
171251.144 172 21
172335.012 113 17
173418.88 40 8
174502.748 19 3
175586.61599999998 86 14
176670.484 52 7
177754.35199999998 95 22
178838.22 13 3
179922.088 104 16
181005.95599999998 96 8
182089.824 62 10
183173.69199999998 106 12
184257.56 144 23
185341.42799999999 101 14
186425.296 43 6
187509.164 36 7
188593.03199999998 59 12
189676.9 53 4
190760.76799999998 33 4
191844.636 23 4
192928.504 0 0
194012.372 54 10
195096.24 72 12
196180.10799999998 64 8
197263.976 54 11
198347.84399999998 76 10
199431.712 47 7
200515.58 40 6
201599.44799999997 17 3
202683.316 22 4
203767.18399999998 57 5
204851.052 0 0
205934.91999999998 40 4
207018.788 112 18
208102.656 107 14
209186.52399999998 117 16
210270.392 57 10
211354.25999999998 95 14
212438.128 10 2
213521.99599999998 28 3
214605.864 0 0
215689.732 0 0
216773.59999999998 0 0
217857.468 64 10
218941.33599999998 5 1
220025.204 0 0
221109.072 0 0
222192.93999999997 0 0
223276.808 37 8
224360.67599999998 0 0
225444.544 5 1
226528.41199999998 29 5
227612.28 19 3
228696.148 0 0
229780.01599999997 27 4
230863.884 54 8
231947.75199999998 0 0
233031.62 0 0
234115.48799999998 0 0
235199.356 37 6
236283.224 0 0
237367.09199999998 0 0
238450.96 38 6
239534.82799999998 43 6
240618.696 0 0
241702.56399999998 19 3
242786.43199999997 0 0
243870.3 0 0
244954.16799999998 20 4
246038.036 0 0
247121.90399999998 50 9
248205.772 0 0
249289.63999999998 23 4
250373.50799999997 0 0
251457.376 0 0
252541.24399999998 0 0
253625.112 0 0
254708.97999999998 16 3
255792.848 8 2
256876.716 0 0
257960.58399999997 0 0
259044.452 0 0
260128.31999999998 27 6
261212.188 69 8
262296.056 27 3
263379.924 0 0
264463.79199999996 94 12
265547.66 0 0
266631.528 22 3
267715.396 0 0
268799.26399999997 19 3
269883.132 24 4
270967.0 48 6
272050.86799999996 33 6
273134.736 0 0
274218.604 0 0
275302.472 5 1
276386.33999999997 0 0
277470.208 33 4
278554.076 0 0
279637.94399999996 87 4
280721.812 0 0
281805.68 31 3
282889.548 0 0
283973.41599999997 24 4
285057.284 0 0
286141.152 0 0
287225.01999999996 12 2
288308.888 0 0
289392.756 0 0
290476.624 0 0
291560.49199999997 0 0
292644.36 31 5
293728.228 75 4
294812.09599999996 0 0
295895.964 0 0
296979.832 7 2
298063.7 0 0
299147.56799999997 34 4
300231.436 0 0
301315.304 19 3
302399.17199999996 0 0
303483.04 0 0
304566.908 0 0
305650.77599999995 0 0
306734.644 33 6
307818.512 0 0
308902.38 80 8
309986.24799999996 0 0
311070.116 0 0
312153.984 0 0
313237.85199999996 0 0
314321.72 0 0
315405.588 0 0
316489.456 0 0
317573.32399999996 9 2
318657.192 0 0
319741.06 0 0
320824.92799999996 0 0
321908.796 0 0
322992.664 0 0
324076.532 0 0
325160.39999999997 9 2
326244.268 0 0
327328.136 0 0
328412.00399999996 0 0
329495.872 0 0
330579.74 0 0
331663.608 0 0
332747.47599999997 0 0
333831.344 0 0
334915.212 0 0
335999.07999999996 0 0
337082.948 0 0
338166.816 0 0
339250.684 0 0
340334.55199999997 0 0
341418.42 0 0
342502.288 0 0
343586.15599999996 0 0
344670.024 0 0
345753.892 0 0
346837.76 0 0
347921.62799999997 0 0
349005.496 0 0
350089.364 0 0
351173.23199999996 0 0
352257.1 9 2
353340.968 0 0
354424.83599999995 0 0
355508.70399999997 0 0
356592.572 0 0
357676.44 0 0
358760.30799999996 19 3
359844.176 36 6
360928.044 0 0
362011.91199999995 0 0
363095.77999999997 0 0
364179.648 0 0
365263.516 0 0
366347.38399999996 0 0
367431.252 0 0
368515.12 0 0
369598.98799999995 0 0
370682.85599999997 0 0
371766.724 0 0
372850.592 0 0
373934.45999999996 0 0
375018.328 0 0
376102.196 0 0
377186.06399999995 0 0
378269.932 0 0
379353.8 0 0
380437.668 0 0
381521.53599999996 0 0
382605.404 0 0
383689.272 0 0
384773.13999999996 0 0
385857.008 0 0
386940.876 0 0
388024.744 0 0
389108.61199999996 0 0
390192.48 0 0
391276.348 0 0
392360.21599999996 0 0
393444.084 0 0
394527.952 0 0
395611.81999999995 0 0
396695.68799999997 0 0
397779.556 0 0
398863.424 0 0
399947.29199999996 0 0
401031.16 0 0
402115.028 0 0
403198.89599999995 0 0
404282.76399999997 0 0
405366.632 0 0
406450.5 0 0
407534.36799999996 0 0
408618.236 0 0
409702.104 0 0
410785.97199999995 0 0
411869.83999999997 0 0
412953.708 0 0
414037.576 0 0
415121.44399999996 0 0
416205.312 0 0
417289.18 0 0
418373.04799999995 0 0
419456.91599999997 0 0
420540.784 0 0
421624.652 0 0
422708.51999999996 0 0
423792.388 0 0
424876.256 0 0
425960.12399999995 0 0
427043.99199999997 0 0
428127.86 0 0
429211.728 0 0
430295.59599999996 0 0
431379.464 0 0
432463.332 0 0
433547.19999999995 0 0
434631.06799999997 0 0
435714.936 0 0
436798.804 0 0
437882.67199999996 0 0
438966.54 20 3
440050.408 0 0
441134.27599999995 0 0
442218.144 0 0
443302.012 0 0
444385.87999999995 4 1
445469.74799999996 0 0
446553.616 0 0
447637.484 0 0
448721.35199999996 0 0
449805.22 0 0
450889.088 0 0
451972.95599999995 0 0
453056.82399999996 0 0
454140.692 0 0
455224.56 0 0
456308.42799999996 0 0
457392.296 0 0
458476.164 0 0
459560.03199999995 0 0
460643.89999999997 16 3
461727.768 0 0
462811.636 0 0
463895.50399999996 29 4
464979.372 0 0
466063.24 0 0
467147.10799999995 0 0
468230.97599999997 0 0
469314.844 0 0
470398.712 0 0
471482.57999999996 0 0
472566.448 0 0
473650.316 0 0
474734.18399999995 0 0
475818.05199999997 0 0
476901.92 0 0
477985.788 0 0
479069.65599999996 0 0
480153.524 0 0
481237.392 0 0
482321.25999999995 0 0
483405.12799999997 0 0
484488.996 0 0
485572.86399999994 0 0
486656.73199999996 0 0
487740.6 0 0
488824.468 0 0
489908.33599999995 0 0
490992.20399999997 0 0
492076.072 0 0
493159.93999999994 0 0
494243.80799999996 0 0
495327.676 0 0
496411.544 0 0
497495.41199999995 0 0
498579.27999999997 0 0
499663.148 0 0
500747.01599999995 0 0
501830.88399999996 0 0
502914.752 0 0
503998.62 0 0
505082.48799999995 0 0
506166.35599999997 0 0
507250.224 0 0
508334.09199999995 0 0
509417.95999999996 0 0
510501.828 0 0
511585.696 0 0
512669.56399999995 0 0
513753.432 0 0
514837.3 0 0
515921.16799999995 0 0
517005.03599999996 0 0
518088.904 0 0
519172.772 0 0
520256.63999999996 0 0
521340.508 0 0
522424.376 0 0
523508.24399999995 0 0
524592.112 0 0
525675.98 0 0
526759.848 0 0
527843.716 0 0
528927.5839999999 0 0
530011.4519999999 0 0
531095.32 0 0
532179.188 0 0
533263.056 0 0
534346.924 0 0
535430.792 0 0
536514.6599999999 0 0
537598.5279999999 0 0
538682.396 0 0
539766.264 0 0
540850.132 0 0
541934 15 1