0 0.06519453207150368
1 0.016824395373291272
2 0.029442691903259727
3 0.03259726603575184
4 0.03259726603575184
5 0.029442691903259727
6 0.04942166140904311
7 0.03785488958990536
8 0.07045215562565721
9 0.07045215562565721
10 0.050473186119873815
11 0.015772870662460567
12 0.011566771819137749
13 0.012618296529968454
14 0.015772870662460567
15 0.015772870662460567
16 0.014721345951629864
17 0.02103049421661409
18 0.03470031545741325
19 0.050473186119873815
20 0.052576235541535225
21 0.04206098843322818
22 0.0473186119873817
23 0.019978969505783387
24 0.01892744479495268
25 0.015772870662460567
26 0.022082018927444796
27 0.023133543638275498
28 0.027339642481598318
29 0.025236593059936908
30 0.016824395373291272
31 0.010515247108307046
32 0.0010515247108307045
0 0.08641975308641975
1 0.012345679012345678
2 0.024691358024691357
3 0.024691358024691357
4 0.04938271604938271
5 0.07407407407407407
6 0.04938271604938271
7 0.024691358024691357
8 0.024691358024691357
9 0.04938271604938271
10 0.04938271604938271
11 0.08641975308641975
12 0.024691358024691357
13 0.037037037037037035
14 0.024691358024691357
15 0.024691358024691357
16 0.012345679012345678
17 0.012345679012345678
18 0.012345679012345678
19 0.024691358024691357
20 0.024691358024691357
21 0.024691358024691357
22 0.024691358024691357
23 0.012345679012345678
24 0.024691358024691357
25 0.012345679012345678
26 0.012345679012345678
27 0.024691358024691357
28 0.024691358024691357
29 0.012345679012345678
30 0.024691358024691357
31 0.037037037037037035
32 0.012345679012345678
