0 0.015779092702169626
1 0.015779092702169626
2 0.03155818540433925
3 0.014792899408284023
4 0.014792899408284023
5 0.020710059171597635
6 0.04142011834319527
7 0.07593688362919132
8 0.09960552268244575
9 0.11045364891518737
10 0.13313609467455623
11 0.07692307692307693
12 0.04930966469428008
13 0.04043392504930966
14 0.03353057199211045
15 0.029585798816568046
16 0.022682445759368838
17 0.027613412228796843
18 0.016765285996055226
19 0.008875739644970414
20 0.007889546351084813
21 0.007889546351084813
22 0.021696252465483234
23 0.023668639053254437
24 0.015779092702169626
25 0.009861932938856016
26 0.009861932938856016
27 0.009861932938856016
28 0.007889546351084813
29 0.0039447731755424065
30 0.0019723865877712033
0 0.46601941747572817
1 0.050970873786407765
2 0.10922330097087378
3 0.007281553398058253
4 0.007281553398058253
5 0.021844660194174758
6 0.0024271844660194173
7 0.0048543689320388345
8 0.0048543689320388345
9 0.0024271844660194173
10 0.0048543689320388345
11 0.0048543689320388345
12 0.0048543689320388345
13 0.0048543689320388345
14 0.0048543689320388345
15 0.009708737864077669
16 0.04611650485436893
17 0.08009708737864078
18 0.050970873786407765
19 0.014563106796116505
20 0.007281553398058253
21 0.007281553398058253
22 0.0048543689320388345
23 0.0048543689320388345
24 0.007281553398058253
25 0.0048543689320388345
26 0.0048543689320388345
27 0.014563106796116505
28 0.0048543689320388345
29 0.0048543689320388345
30 0.0048543689320388345
31 0.0048543689320388345
32 0.007281553398058253
33 0.009708737864077669
34 0.0048543689320388345
