4777703 0 -1418 46 46
26596950 0 88284530 4022 5462
3565905 0 4438 52 52
23136484 0 -36 9 9
67332082 0 142 19 19
10609809 0 16 4 4
44315839 0 272 12 12
28242411 0 -56 9 9
50906983 0 -276 19 19
56651223 0 20 9 9
27938161 0 1378 37 37
7791880 0 7404 109 109
38998196 0 -22 6 6
59484180 0 -1930 53 53
30135399 0 1146 133 133
49285109 0 -35826 230 230
25967866 0 -786 32 32
9285878 0 188870 243 243
68224015 0 50 6 6
22522168 0 -1566 54 54
56895929 0 5156 66 66
34170089 0 -712 57 57
28488651 0 5660 101 101
27392139 0 40172 332 332
46175358 0 200 11 11
10505376 0 62 11 11
68155638 0 2 4 4
38044709 0 652 33 33
2281041 0 -2 6 6
40501901 0 60852 387 387
1338091 0 562 78 78
24345112 0 2298 95 95
32358770 0 6336 48 48
55898874 0 140 20 20
18733820 0 11538 107 107
42463135 0 112 8 8
8442540 0 -1092 112 150
22328075 0 62452 148 224
63993655 0 110 11 11
62212477 0 -17070 186 186
23360780 0 124 28 28
29381149 0 0 1 1
25775120 0 55494 169 201
46797480 0 116 16 16
50728511 0 252306 330 442
46059433 0 2 4 4
49189518 0 -108 57 66
49245239 0 506 15 15
14236499 0 1600 24 24
29153516 0 -130 23 23
20916144 0 417270 470 470
31743218 0 -2 2 2
67753670 0 -56 8 8
65136251 0 352 24 24
56153564 0 -120 18 18
27095261 0 16 4 4
18753484 0 25816 306 378
44049301 0 6 3 3
38236291 0 -412 90 90
37189431 0 -368 29 29
22569096 0 1513822 1260 1260
26796584 0 -166 14 14
51241203 0 6 3 3
14115248 0 -24 7 7
20484381 0 88 94 94
4014483 0 2 6 6
51233760 0 -40 8 8
66318205 0 -12 4 4
35313303 0 1128 32 32
25719470 0 36588 144 144
5608250 0 4134 70 70
13180928 0 10638 103 103
3649359 0 294 12 12
41292299 0 -4 4 4
25610210 0 8 3 3
17382585 0 2 2 2
4458547 0 -22 6 6
26984272 0 20466 126 126
10841390 0 2270 58 58
41179408 0 5728 60 60
58205713 0 9556 100 100
12239603 0 1828 28 28
10712817 0 43442 141 235
23148133 0 -140 69 69
28286717 0 4752 61 61
47155408 0 42 6 6
34025967 0 564 38 38
66715647 0 0 1 1
49091015 0 -2 2 2
38779528 0 2 7 7
46874853 0 0 1 1
40524775 0 -1552 48 48
18872741 0 2638818 1629 1629
53759458 0 2 2 2
32675414 0 10854 162 162
9517651 0 -664 36 57
57848568 0 144 9 9
49274524 0 -36 8 8
48482780 0 154 53 53
32465127 0 -36 9 9
28884891 1 -2950 94 104
3655391 1 569744 348 444
41382883 1 5828 48 161
2123769 1 1968 28 56
55573756 1 16 4 8
21172786 1 12908 60 70
34092428 1 251058 314 388
14429298 1 3486 66 91
13594088 1 50 34 51
4841091 1 -220 17 21
26510759 1 -14026 126 198
20386080 1 3034134 915 1164
29916264 1 -722 62 77
4131278 1 -15048 307 340
22857231 1 67472 196 294
65827317 1 2 2 3
21422980 1 12618 63 108
18435765 1 160 14 125
24708795 1 13935120 2904 4062
58435243 1 16 4 8
15432533 1 50 6 8
6955105 1 13066 98 141
17572615 1 28544 96 228
51918431 1 -12 4 8
26248710 1 138776 379 562
33127106 1 352 24 30
36485164 1 7372 189 378
32265131 1 4322 138 202
20331363 1 24954 138 180
20322129 1 -181412 510 653
6022449 1 17926 78 102
36106109 1 43202 295 334
24166676 1 37034 171 276
33209922 1 637638 586 851
45657 1 56 6 12
47771430 1 124 8 9
9843926 1 576 16 36
27369371 1 20074 519 827
29907276 1 14308 64 86
20338926 1 2 11 13
4356180 1 108700 168 336
38466143 1 1696 48 56
64847477 1 74808 155 308
56226842 1 1764 41 45
39620540 1 204 29 57
5688140 1 19946 79 111
12323653 1 376 13 16
1169925 1 -274 34 62
17746906 1 600222 387 720
9615043 1 4032 64 128
4403295 1 2809224 1000 2184
18467389 1 -1262 50 75
63209295 1 0 1 2
4351666 1 80 8 16
18444214 1 530562 386 406
11392099 1 5654 78 450
15719637 1 396 44 68
20085243 1 -377188 1409 1589
17974534 1 140 16 26
3905955 1 38526 91 95
36726468 1 11008 108 269
18144546 1 62918 166 250
99957 1 6 3 9
29346499 1 112 39 47
25353459 1 1548 28 56
29638196 1 1124 151 176
53230833 1 -54 10 13
47546213 1 2 2 4
30121113 1 494 23 29
65443148 1 70 7 11
21121948 1 172 16 18
30428558 1 10101430 1426 2389
47788681 1 78 7 8
65987762 1 3384 36 72
57180020 1 55612 152 166
35549255 1 13294 79 94
11237338 1 862 30 62
66127773 1 976 20 40
29305936 1 684286 857 1349
31802046 1 1425906 549 666
17038476 1 48490 142 222
26734239 1 90368 256 320
22611711 1 114724 686 1405
19292364 1 54418 122 132
42696134 1 594 18 27
40440226 1 29924 111 139
37866969 1 3544 65 107
11018256 1 0 8 12
32307357 1 132008 312 388
47483110 1 -54 26 42
7215682 1 1198 22 35
13900217 1 4156866 936 1491
65700862 1 1036 28 44
30285932 1 150 14 17
4225889 1 65756 290 390
12201774 1 57784 125 161
40930133 1 -318 33 47
21820632 1 4668 68 95
61998996 1 3068 65 77
32978853 1 -10016 144 293
28423932 2 74582 207 654
37839826 2 13714 90 396
47205759 2 172 9 11
7942539 2 28498 134 602
63881633 2 59404 116 164
63688420 2 51094 118 587
50327636 2 2924 28 46
65461288 2 0 1 3
30225534 2 -1620 56 124
3129394 2 11674 82 96
50385168 2 514 14 42
36630598 2 946 22 266
25560915 2 -3773282 2713 3232
43089517 2 108 9 18
36703559 2 -124 16 32
38055937 2 -450 70 106
62861089 2 4944 58 84
41756780 2 272 12 48
32935159 2 -2 5 16
65621070 2 912 20 50
7293614 2 2872120 760 1247
52856670 2 162 10 20
66738961 2 12 4 12
25246109 2 -1854 66 195
40760798 2 -424 24 60
36753515 2 2346 58 146
62908031 2 5740 52 142
10629027 2 203404 664 855
21070889 2 228471442 6867 27611
63208680 2 64 16 40
35070906 2 177656 422 588
41321090 2 23702 174 366
16585017 2 2406 30 61
42734426 2 2368 32 72
17552536 2 600368 336 492
43197538 2 32666 106 212
10228646 2 37436 147 278
41656931 2 96 8 24
9973744 2 1036 29 119
16535291 2 -3740 80 134
43445432 2 10404 81 333
22354244 2 1327844 546 774
40867663 2 87824 132 244
36115711 2 34798 268 326
41002729 2 2 2 4
12047982 2 19224 72 114
42515270 2 288756 309 550
26716092 2 1031644 1408 2064
40022316 2 388070 321 427
62897472 2 448 16 48
13004063 2 17110 62 77
34787323 2 1982 42 90
17916331 2 6427968 1040 1220
45639200 2 338 14 34
10129268 2 29242618 2087 4062
52810967 2 -28 37 53
44246409 2 4050 58 80
51154339 2 30696 140 212
35789800 2 876 36 96
13900941 2 1474 26 65
53617347 2 18 4 13
55225355 2 304 12 15
4553331 2 16664 72 280
54401597 2 141432 285 837
41493464 2 576 16 40
65953605 2 6 3 9
40593530 2 684 36 72
11134148 2 53276 189 197
46740620 2 174 17 23
7810148 2 1408 24 39
64765128 2 8 3 5
30365186 2 170 15 57
61659728 2 72 7 10
14478124 2 3714 46 156
31598368 2 47472 372 507
67869375 2 2 2 4
30175229 2 92518 213 768
41383972 2 688 25 144
8284161 2 14207006 1831 9660
50293909 2 10 8 23
62886438 2 732 29 43
27735188 2 561740 792 1155
37347690 2 2800 96 733
35033993 2 3322 200 329
30006763 2 -13892 203 305
1278599 2 -38 19 33
55377019 2 20 4 6
39650911 2 52250 122 170
37870329 2 -5766 90 132
25898174 2 2006094 958 1324
3089214 2 632832 384 672
41708751 2 284 13 39
39336011 2 12357868 1571 2967
27079442 2 3960972 923 2125
12665912 2 30 7 17
28060977 2 23410 132 138
48903477 2 684 18 30
37455626 2 2596646 1049 1537
24358301 2 315680 276 408
63882577 2 60 12 16
17780089 3 1552906 526 654
33785599 3 186 10 34
10024659 3 48647956 2727 11913
24719821 3 -64108 850 1084
23445141 3 928 56 74
30494517 3 1716 34 126
36501837 3 -1342 42 221
37817487 3 361908 315 1143
49355163 3 4896 56 100
62069188 3 18 10 22
60295368 3 256 12 50
56021586 3 562 30 84
3253901 3 20370 72 112
59101360 3 160 16 42
62933642 3 -2126 58 233
16254533 3 968 20 38
36487652 3 132180 228 800
18879115 3 365930 588 1179
59876664 3 -106 20 34
17240307 3 38 26 74
40716591 3 2 2 10
34299217 3 79774 193 250
39430490 3 2306664 856 1662
37107891 3 31580 92 584
42828270 3 7172244 1620 2934
23425777 3 34992 108 288
15859627 3 6 10 174
26949271 3 5646 127 345
30083683 3 162708 280 528
11648873 3 27344886 3109 7083
26834779 3 404474 281 387
16183047 3 28962 90 159
5636682 3 417378 482 876
37370599 3 494 39 210
3891314 3 343430 263 330
37038427 3 216 36 289
4941481 3 97308 148 346
52004350 3 88 16 60
34618084 3 20 9 37
38444857 3 26 5 9
20776367 3 721672 411 513
8285203 3 18 10 27
66770519 3 2 2 9
60780842 3 440 14 22
61352228 3 0 7 50
19024252 3 171888 240 564
25515668 3 -40918 287 345
14535243 3 2 2 10
31444205 3 848 20 180
67151522 3 -4 4 49
13317680 3 382806 315 1540
18640449 3 366306 284 533
40827577 3 638 21 132
62258913 3 22648 106 208
36973312 3 1396 44 164
41899527 3 1248 24 58
36410960 3 576 64 360
56631791 3 982 37 148
63297888 3 -362 54 238
36138754 3 202090470 5001 9490
42266900 3 69374 123 487
50697456 3 576 16 56
46671956 3 126 26 43
47572789 3 6066 45 85
27194032 3 -49888 458 2009
28855870 3 15858 234 260
12498357 3 1840 28 54
26694572 3 -48 27 37
20520140 3 35284 167 227
57935559 3 -40 8 26
28778874 3 -1418 48 61
10018049 3 10520014 1250 5702
20664019 3 692 37 192
61021210 3 2 2 7
3796559 3 14088 93 159
47522170 3 20 8 28
26382789 3 61564 205 430
61048390 3 581764 628 946
66268423 3 508 32 52
22474681 3 2780 35 165
41560283 3 55824 264 1394
59839594 3 80546 237 564
29926633 3 262780 290 378
40229164 3 270 38 60
63039986 3 6323748 1311 3144
36498103 3 7524 89 603
50558267 3 -15984 132 914
21902310 3 2594 82 230
20121837 3 13991784 1771 2839
6396997 3 470890 911 1269
59730124 3 204 12 38
23737420 3 3360 64 752
22981331 3 5924 60 114
5118175 3 106 11 43
32028083 3 868 20 113
27446866 3 194352 341 1443
66968093 3 2528 40 209
57078102 3 16 4 12
21652731 3 2 2 12
68305108 3 66 27 117
58757703 4 3000 64 129
21549952 4 1162 56 68
56168006 4 338522 322 1095
63320602 4 8 3 10
17807315 4 8 3 27
54460397 4 600 17 39
12173076 4 299976 357 666
61426493 4 386 14 36
18284016 4 0 1 5
41061459 4 7346 50 252
3788478 4 2601500 750 2490
18235842 4 639690 470 1153
56315990 4 574472 356 889
9660285 4 11238 66 831
4694342 4 904 29 33
17978618 4 26002 142 315
61449610 4 -2 5 20
12498421 4 4218 42 147
3840208 4 -2 3 13
45009556 4 320 12 22
12348377 4 0 1 5
11832139 4 1564 19 300
30147190 4 1191752 537 1060
32299551 4 2 2 6
56524557 4 134056 258 2863
44938122 4 186 10 21
13933623 4 448 16 56
53584102 4 97292 174 1083
27483648 4 392924 291 4728
29388584 4 25380146 1865 3192
29559516 4 88776 184 472
45481406 4 -136 24 118
23847252 4 96 8 16
26560383 4 13934586 2491 4335
66004293 4 1258 18 342
29978292 4 254810 266 389
3123060 4 43865966 2470 4610
64526128 4 8 3 13
8034279 4 236944752 5901 13623
27994002 4 86 15 120
11011527 4 803108 619 3131
51946823 4 244 12 74
21874430 4 35978198 2454 7062
20719514 4 578 30 210
44983441 4 -8 8 50
58940008 4 686806 794 1254
46906381 4 40 5 15
26375234 4 7423152 1564 3146
5661600 4 2694488 1118 2144
5074174 4 -12 8 13
66641144 4 418 26 103
13220680 4 576 16 193
9118530 4 102510 262 640
2266235 4 6656 48 156
31273461 4 71912 129 2495
27646153 4 259902 521 1523
31085499 4 1062 81 177
55662652 4 126516 180 638
53341889 4 774 18 73
13213527 4 2 10 64
22958131 4 515050040 7952 10624
4243490 4 14488 72 431
56700219 4 16 4 24
14046107 4 45584 116 244
55340766 4 108452 165 513
41111370 4 1800 27 147
47307448 4 4022 35 63
26226909 4 6650206 976 1824
6747468 4 26196 138 1432
7481711 4 191178 189 1215
24515387 4 12 4 20
18429743 4 162900 282 1282
27525122 4 38 34 122
4383912 4 478538 431 626
20848024 4 464 28 104
25091421 4 180548 204 1794
19487508 4 386 17 30
5342056 4 22932 81 661
39459193 4 1506 46 169
14305196 4 40958 282 2598
59321773 4 1258744 389 1203
22483451 4 643130 410 1490
38414090 4 -210 22 71
25336534 4 7106 75 482
12411340 4 1299952 512 2293
121401 4 18882 78 292
25687398 4 -606 34 108
12308455 4 1974 103 119
9912348 4 17882 58 278
60886836 4 28864 252 642
47175580 4 40 5 20
26649303 4 196079660 5664 15255
31902347 4 846 18 72
4825725 4 105724 254 440
32797735 4 1874234 558 1278
839442 4 144 9 77
26615715 4 1056 224 442
39906826 4 2546 30 72
10912370 4 340 122 183
46147272 4 17806 96 258
6231140 5 10302 234 1051
17274151 5 2 2 19
49506033 5 3621558 701 1345
42730153 5 301698 270 5685
51724850 5 2 2 12
47415682 5 126 9 28
53281938 5 1782 27 291
37020209 5 2074 42 631
28812862 5 1045214 993 1130
50960876 5 264 24 351
43857408 5 23841216 1944 6264
50437111 5 5874 46 82
48432411 5 -11540 140 495
50720833 5 2 2 15
9821998 5 37468 242 743
8471420 5 -21904 440 939
1541606 5 1854 27 297
19304531 5 6012 49 115
37395063 5 1243690 870 1515
55562014 5 3330 34 208
6724557 5 45430592 2487 10272
26548699 5 1741500 675 3897
6641715 5 4332 61 113
61394391 5 3816 137 1095
20612854 5 646604 652 1684
68329022 5 2624 32 176
54181373 5 26360 312 738
34371657 5 28432 191 431
58800967 5 272 24 354
5846383 5 415122 318 533
63227704 5 7344 151 287
24458051 5 35258216 2530 4842
27036835 5 2604 60 190
31011498 5 8168 46 641
18573098 5 184817810 3931 14812
53150948 5 -22 6 50
67336921 5 1944 27 663
57950275 5 10348 60 336
67964694 5 78244 118 474
58440678 5 15518 65 451
14561375 5 1324 40 176
25454595 5 114300044 4193 7657
49088584 5 3532 41 228
22536044 5 26880 96 318
51475000 5 288 12 72
49793246 5 60 12 112
7921055 5 19452 141 225
3014757 5 0 1 21
23348635 5 34102 129 443
60421796 5 276 12 33
7237601 5 11184 60 276
41039352 5 26768 92 1129
27521185 5 33862 151 239
20068761 5 3578558 1239 2556
35071240 5 -1924 60 171
14485706 5 169072 182 717
5967477 5 5697600 1800 5605
1887982 5 1620 27 567
48493173 5 378 31 233
13976452 5 3888 108 170
49396493 5 127612 270 868
10283284 5 1232 24 96
64147113 5 25946584 1911 4431
18504940 5 21935562 1806 12990
31358593 5 1428 44 400
57138690 5 727322 697 894
25528397 5 7370 146 409
58321363 5 -4426 121 363
16624351 5 30640 95 141
47277239 5 34 5 80
9457706 5 9369074 1703 4581
25339436 5 15372202 1772 11352
34568403 5 5096 31 135
43882832 5 188480 240 1896
11360101 5 10158 46 172
14331502 5 21858 193 489
52485849 5 -2 2 16
31742922 5 3920 40 300
14045050 5 5260 44 177
42854287 5 249351696 5940 28230
40810209 5 12048 60 240
22947851 5 7296 88 196
21477799 5 2463820 948 3012
40157300 5 7118 75 167
62261502 5 -36088 218 925
20581181 5 1380 40 100
30137227 5 145582 202 463
20268795 5 1712297070 14266 43282
31003956 5 35224 157 766
14984721 5 10 3 15
17757203 5 308 12 30
50909525 5 9412 55 711
6684057 5 164320 200 8532
27368926 5 12472 58 1252
22138150 5 4752432 981 1488
20298718 5 17431872 1975 6363
10591301 5 -67778 279 460
59985548 5 6464 44 119
15086508 5 1870 26 160
9769296 5 144 8 139
61465585 6 16 4 68
37296200 6 909772 364 1536
52259257 6 -2 2 18
36512028 6 14780 104 323
64798958 6 90 26 159
26710713 6 34128080 2616 9492
11625220 6 5654 42 423
9896474 6 5024 48 1205
24716203 6 67453308 3384 9192
68066036 6 -224 20 166
28018950 6 824336 802 5724
30250792 6 2 2 56
8046491 6 666 18 240
14590886 6 37502 110 2571
7157161 6 1042 22 188
45830003 6 698 18 378
10004461 6 27968 102 137
19681699 6 8 3 33
44823069 6 3712 49 215
8851463 6 1845648 999 2544
3556505 6 195260 222 738
49122693 6 4012 56 438
23268351 6 33988 88 422
23912184 6 93437822 7005 14400
54657866 6 2 2 16
18730391 6 123552 180 714
40300212 6 46656816 2408 5188
54588135 6 4 7 62
42354100 6 99560 165 585
10012980 6 130464 168 387
52501293 6 11106 54 582
42273978 6 2 2 9
53698681 6 184 10 96
3807584 6 4835944 1287 4956
19900659 6 48786 194 1270
54298143 6 21392 76 256
46974083 6 20 5 65
9973948 6 141240 176 727
44447220 6 -104 18 90
2514729 6 -2 3 33
4976417 6 36 5 18
41512527 6 73792 160 996
46295550 6 21520 142 207
42663055 6 1094 27 435
64750562 6 106 34 196
28208714 6 10928 63 704
56614690 6 3162 58 384
49371329 6 5066 39 290
32620927 6 1250 16 106
52600341 6 988018 485 1642
5258482 6 71662 162 808
11582408 6 6 3 108
9479558 6 23540 123 323
1325050 6 -2 3 33
58099623 6 100 7 96
50818814 6 28 5 42
11439156 6 1332 24 261
6951251 6 4782696 2694 4956
51445678 6 16 4 40
22951860 6 166106 445 1918
30211211 6 37520 180 440
1941886 6 0 1 40
37701394 6 80 8 112
19551000 6 200 11 80
32609610 6 2100 52 100
14352804 6 772176 662 1918
60217756 6 1170 18 373
31595243 6 131072576 4068 6478
28286377 6 3302 35 54
9497647 6 27218 157 348
53938713 6 20752 108 288
27183072 6 69793210 2790 11865
64364741 6 16530 78 482
5288856 6 116064 180 1472
66758162 6 1908 44 94
36338303 6 11488 64 180
44744553 6 -4 4 68
4857412 6 75166 307 523
46299396 6 19040 75 675
33168819 6 6384 32 244
47507668 6 552 17 184
22338319 6 43704 120 2070
60175778 6 40002 94 402
23592759 6 124 20 208
11313572 6 14094 66 2018
47156634 6 1936 28 820
48438711 6 1326 46 101
21507104 6 -4592 101 212
56721540 6 8 3 9
46335478 6 -144 16 121
54585224 6 6 3 36
9870409 6 439260 269 1182
44382760 6 186 20 74
29388861 6 203664 185 802
13096959 6 70180 342 750
7456754 6 209656 434 1796
43435804 6 1430 24 228
12269535 6 203876 232 1618
30749103 6 5425756 1001 7149
21548772 6 -54 10 116
50053756 7 2378 54 145
19664559 7 2345078 881 3303
5754278 7 93204 496 2158
18500931 7 250590 199 1014
19752887 7 1258004 584 3014
27691910 7 6517722 1796 9710
54726622 7 896 18 276
27338293 7 6554586 2288 5235
49179906 7 852 17 449
14520459 7 106308 143 1844
52902210 7 272 12 138
567027 7 200 11 179
4265645 7 91974 154 1672
64577354 7 240 12 254
55631640 7 -24 31 55
45725100 7 2022036 624 14181
25274195 7 42 6 52
9726247 7 209202 159 4462
42139345 7 58602 110 1175
49302252 7 5354 45 278
39108939 7 666 18 198
61388435 7 9512 157 947
42713237 7 4316 65 817
61436614 7 466 30 753
26523076 7 -36 9 171
51760503 7 9180 54 146
54465823 7 66 14 30
43561939 7 3792 40 300
25744038 7 25570 155 461
37715870 7 1697066 627 1207
28231407 7 5486688 816 14565
40291362 7 75958 132 833
9621311 7 82148 288 528
18739480 7 14136 96 330
9802198 7 96786 394 1698
38203262 7 33048 144 666
17601555 7 22808 84 504
4633019 7 3056 36 374
43747990 7 932 21 64
9215500 7 60270 270 1942
53421291 7 696 33 229
67405186 7 380 15 405
57038814 7 144 9 84
19702717 7 16080 69 1161
28465556 7 16 4 68
51144017 7 4792 43 364
19771614 7 1900 101 168
44699184 7 124804 296 382
67174540 7 8000 72 1312
51976563 7 8 3 55
21884180 7 38086 116 474
50433639 7 100574 186 378
49517203 7 6500 33 279
40449331 7 1696382 566 2675
8284345 7 2522344 872 4264
18705284 7 7495970 1215 7086
28109998 7 1134870 574 7236
54520179 7 1712 24 279
18678581 7 44 6 48
30627808 7 197730 626 2654
21757088 7 75018 159 606
49109773 7 1650 38 1527
65320179 7 11120 60 1355
62075031 7 -184 56 92
3061950 7 22256 84 1231
40045188 7 1190 21 70
56987812 7 513670 314 1432
58824368 7 1304 24 68
9460548 7 163664 420 2225
20260417 7 31764388 3078 6198
51818781 7 248 12 32
58650364 7 2700 36 255
51138044 7 1664 72 465
50796020 7 8036 68 745
59416594 7 1788 28 242
50823960 7 3820 31 704
14067117 7 4318 42 218
37158167 7 9008 60 302
23538962 7 323800 284 1130
33642257 7 24084 79 484
49038860 7 378 29 180
41200908 7 36186 107 4221
67536401 7 56212 119 233
43516342 7 7067088 936 2616
44766733 7 6768 52 477
64788557 7 2688 48 238
29499386 7 425776 242 951
64147625 7 49018 187 815
16155635 7 6932 48 544
31256307 7 3956 32 983
59355751 7 1400 25 136
65287619 7 16 4 26
27189197 7 164558 459 3537
47182710 7 111650 114 1176
61391265 7 452 50 270
51289767 7 13392 72 702
46607466 7 6810 66 828
57812414 7 512 16 484
9117987 7 3978384 912 1206
61030143 7 0 8 191
44770391 8 400 13 284
3033636 8 33817824 2204 7797
49182121 8 272 12 130
9295054 8 -27164 266 1218
13242003 8 32872 169 1433
9601092 8 571068 442 671
2730462 8 56 11 60
44803973 8 1114 22 267
52318689 8 9358 57 122
9853047 8 879500 758 1181
19692481 8 31518 133 377
63113446 8 6497212 1236 2073
47586211 8 4722 42 187
48554527 8 50 6 59
11346354 8 -138090 506 1087
29921546 8 9807108 1252 2636
31107145 8 5650 63 1050
11453335 8 3330234 2185 6549
16587472 8 16 4 40
27825804 8 6169154 1434 2341
52005820 8 162 10 420
44871838 8 2624 32 287
59223793 8 10592280 952 4537
22806210 8 11540436 1537 6384
23369679 8 470908 352 1012
50762124 8 635426 366 757
49414632 8 151844 208 1529
17941916 8 41958 108 432
25744477 8 13850 644 1865
11520598 8 512 16 324
13746093 8 156 12 64
12822200 8 374 13 119
52038040 8 6144 48 752
11601020 8 78781470 3326 26818
63232955 8 356714 230 1371
27302353 8 286272 228 2048
61882047 8 17762 78 1899
44813200 8 -202 41 117
56446996 8 4960 40 722
11686943 8 7358 86 120
49547828 8 2764080 788 12173
29462016 8 187454 218 1490
3030325 8 694 24 95
28126686 8 9098 57 1083
47151828 8 7052 50 189
10168991 8 1749046 560 5563
23935352 8 1146224 896 2582
44857242 8 43452 82 845
61728202 8 176 19 63
60494406 8 512352 360 2771
52517982 8 394 14 43
17045170 8 1858 29 54
17787825 8 144 9 30
18380294 8 226 16 112
32085801 8 2 2 53
8370767 8 10523920 1416 18236
1205611 8 610324 492 3142
55476663 8 21680 68 1252
15424012 8 336 13 140
2438133 8 240 12 179
26400972 8 1314 48 214
43393373 8 79488 126 516
55015312 8 312080 276 4081
43411296 8 463122 342 4410
42128958 8 65115652 2863 11444
39437794 8 3223270 1066 2988
54613761 8 8892 90 1090
3802342 8 158 8 29
19894167 8 727384 396 1390
56559455 8 -128 88 634
9897956 8 493138 276 864
14259866 8 9832 142 629
30800977 8 18970 124 934
14056026 8 641484 396 3741
61868261 8 348800 288 2804
56398082 8 5586 66 1674
51842079 8 6 3 47
31738201 8 -6 6 42
52197093 8 72 7 37
25272103 8 20715222 2498 6937
49233036 8 21416 88 386
33924558 8 1264 24 119
10608116 8 1772 28 304
57977599 8 20 4 28
56884154 8 338 14 198
49038190 8 2436 55 536
45870201 8 542 17 529
9515846 8 14345024 2740 8422
8506214 8 21788 128 563
28372978 8 833962 594 1578
42401259 8 321880 635 1502
15287330 8 50274 106 324
22774768 8 380 15 375
49083616 8 40064 192 760
59631558 8 272688 276 8292
52266116 8 236 11 507
3255508 8 1834 26 142
6727522 8 173312 322 4847
2509241 8 27314 86 1472
33751247 8 3783398 826 7301
20588341 9 5772 44 272
47828289 9 4562 46 255
50294116 9 18426 126 692
50840907 9 1015402 376 2646
30296974 9 1432 33 274
58521591 9 61874 114 480
52021956 9 6834 50 1049
58849733 9 147008 192 4181
40125462 9 11572 93 385
44947998 9 50 6 63
42217516 9 1970 30 828
31046696 9 8812784 1320 10464
5195356 9 89919064 3498 6724
9974048 9 1266994 1018 2315
31342593 9 222098 351 1033
10074853 9 39130 126 1066
50816029 9 154580 124 1135
23291404 9 12188228 1872 4413
9616040 9 67994 429 992
58604341 9 42 6 232
13885838 9 16 4 54
11794875 9 6912 48 1484
52813465 9 3188 54 986
27618600 9 295322 409 4119
51693982 9 0 1 25
60440796 9 504 27 279
21881642 9 612004 908 1533
6369810 9 342 12 79
58861551 9 14800 72 1815
19700470 9 2236042 742 2526
44640570 9 272 12 75
54729189 9 20 4 608
27904109 9 29424 88 3757
49476118 9 0 1 12
30598781 9 1008 36 710
34622197 9 98010 194 571
43176212 9 10746 54 786
17859622 9 5868302 1050 7122
19851568 9 8016 48 286
11442635 9 15231996 990 5368
13224018 9 4602 83 195
26290636 9 31282 153 828
61085177 9 70 31 57
67025801 9 42620 196 4800
3061577 9 192042 203 497
19771959 9 6781104 1595 4053
33438463 9 28928 96 622
4130458 9 7998 84 140
18977364 9 2258 30 1554
20803458 9 6100226 1223 3152
1457288 9 2048842 594 3568
46410606 9 3476 36 54
51816892 9 2710 33 343
794543 9 1842 26 600
65481982 9 26166 63 815
9909581 9 96428 161 4725
31287311 9 6262866 1010 2798
58195533 9 140 9 205
43132420 9 2 2 359
50027724 9 6138 44 149
7417952 9 2756 33 129
63690915 9 479672 309 864
20383925 9 762512 516 3357
34697407 9 37964 100 769
22812755 9 940224 464 1247
46048241 9 108 8 19
60320416 9 25416 72 873
30918075 9 3565924 797 8881
9746013 9 6612 48 786
2967095 9 63200 126 1042
44504411 9 124686 184 5477
20913419 9 3174702 570 1061
21149238 9 254374382 6240 22918
46300424 9 92846 167 1350
36939945 9 6226240 984 3273
64283172 9 12047080 1504 6539
31383472 9 21116 128 995
19796115 9 1706010 741 1107
52756146 9 -30 9 167
1145636 9 0 1 21
64828919 9 29546 104 736
58825077 9 1610896 600 14680
35836175 9 2018522 522 4149
50014460 9 -2 5 102
56495180 9 -158 58 865
58557751 9 4500 36 570
41825353 9 2 2 65
61881110 9 2785842 702 8186
30758652 9 398 21 130
43657920 9 8 3 107
44695969 9 60786 138 1290
34700178 9 15576 64 473
9834008 9 23200 80 1475
12982239 9 1031772 496 6172
58351089 9 122904 216 1811
54712162 9 572386 426 4766
46957828 9 -4 4 46
12720013 9 -62 22 154
24136909 9 194370 181 948
45578611 9 114508 264 1004
63750744 10 9829680 1348 31273
49465470 10 6566 49 918
18423439 10 80 8 2542
9374906 10 10552 61 2809
65156263 10 -240 57 372
42475197 10 5136 44 1436
9988245 10 8352 48 870
2873223 10 -24 16 47
31356445 10 88504146 3178 11075
63522187 10 41114 118 1758
36877252 10 369398 810 1810
58553446 10 1940 28 239
42293623 10 15072 72 5388
55455337 10 560 15 320
52222140 10 18616 69 229
49253612 10 134 9 463
56821130 10 892 36 246
4220344 10 1104 24 216
49359259 10 4976 40 223
22735664 10 21222 81 1589
37443067 10 9832 48 523
51468284 10 2864 44 73
18499578 10 290830 267 1422
48959801 10 75298 246 2052
52902739 10 1366706 570 10899
48909623 10 682 18 684
56651673 10 6456 48 925
14215266 10 -19780 315 1207
33332085 10 96 8 148
9744477 10 884804 300 1352
54270698 10 112 8 112
58290779 10 27090 126 303
50843316 10 3950 21 226
59764626 10 940 20 227
33389843 10 26720 88 762
44438700 10 -260 32 269
20742544 10 69536 144 2258
26238102 10 35644 284 813
56508179 10 6698 51 1041
51482989 10 3024 36 1302
61821748 10 17904 76 584
49313356 10 -38 10 146
52219575 10 23