0 0.06519453207150368
1 0.016824395373291272
2 0.029442691903259727
3 0.03259726603575184
4 0.03259726603575184
5 0.029442691903259727
6 0.04942166140904311
7 0.03785488958990536
8 0.07045215562565721
9 0.07045215562565721
10 0.050473186119873815
11 0.015772870662460567
12 0.011566771819137749
13 0.012618296529968454
14 0.015772870662460567
15 0.015772870662460567
16 0.014721345951629864
17 0.02103049421661409
18 0.03470031545741325
19 0.050473186119873815
20 0.052576235541535225
21 0.04206098843322818
22 0.0473186119873817
23 0.019978969505783387
24 0.01892744479495268
25 0.015772870662460567
26 0.022082018927444796
27 0.023133543638275498
28 0.027339642481598318
29 0.025236593059936908
30 0.016824395373291272
31 0.010515247108307046
32 0.0010515247108307045
0 0.45579793340987373
1 0.02640642939150402
2 0.0642939150401837
3 0.04362801377726751
4 0.022962112514351322
5 0.010332950631458095
6 0.004592422502870264
7 0.003444316877152698
8 0.0057405281285878304
9 0.009184845005740528
10 0.014925373134328358
11 0.018369690011481057
12 0.02066590126291619
13 0.029850746268656716
14 0.03444316877152698
15 0.03673938002296211
16 0.04247990815154994
17 0.03903559127439724
18 0.03559127439724455
19 0.02870264064293915
20 0.01722158438576349
21 0.009184845005740528
22 0.004592422502870264
23 0.003444316877152698
24 0.001148105625717566
25 0.001148105625717566
26 0.003444316877152698
27 0.001148105625717566
28 0.001148105625717566
29 0.002296211251435132
30 0.003444316877152698
31 0.003444316877152698
32 0.001148105625717566
