0 240
1 7
2 16
3 72
4 1
5 30
6 84
7 10
8 4
9 4
10 225
11 153
12 4
13 128
14 56
15 5
16 4
17 20
18 6
19 1376
20 65
21 1
22 25
23 36
24 3
25 9
26 60
27 8
28 108
29 210
30 8
31 698
32 4
33 12
34 224
35 9
36 65
37 16
38 1330
39 78
40 1
41 17
42 144
43 10
44 4687
45 196
46 5
47 3
48 12
49 3767
50 128
51 2
52 24
53 18
54 18
55 2
56 1
57 159
58 40
59 185
60 54
61 43
62 216
63 1360
64 9
65 4
66 7
67 1286
68 4
69 1268
70 186
71 104
72 1
73 4
74 187
75 12
76 174
77 552
78 85
79 362
80 18
81 444
82 8
83 312
84 1
85 2636
86 420
87 85
88 86
89 1668
90 21
91 29
92 166
93 20
94 3
95 54
96 8790
97 117
98 48
99 32
100 41
101 26
102 17
103 3
104 11
105 1356
106 48
107 5052
108 548
109 23
110 12
111 22
112 40
113 48
114 2
115 2
116 430
117 1309
118 78
119 9
120 112
121 22
122 157
123 65
124 4
125 195
126 4
127 4
128 336
129 1114
130 7562
131 9958
132 16
133 72
134 450
135 9
136 8
137 3
138 117
139 26
140 53
141 2
142 5
143 10
144 17
145 76
146 36
147 20
148 26
149 2766
150 1
151 3178
152 604
153 5
154 2
155 15
156 767
157 70
158 61
159 2546
160 14
161 243
162 3
163 1562
164 61
165 1
166 2
167 82
168 4
169 6
170 74
171 478
172 65
173 2984
174 8
175 504
176 2270
177 413
178 2
179 1
180 8
181 16
182 13
183 585
184 3
185 545
186 267
187 103
188 23
189 254
190 530
191 7
192 144
193 214
194 195
195 97
196 10
197 234
198 8
199 5
200 38
201 47
202 4
203 4
204 254
205 91
206 127
207 17
208 2
209 4
210 1728
211 40
212 24
213 5
214 17
215 15000
216 52
217 2
218 4
219 4
220 3252
221 10
222 1187
223 201
224 1322
225 363
226 5
227 32
228 758
229 25
230 72
231 3614
232 72
233 6
234 74
235 1760
236 51
237 916
238 1
239 54
240 2
241 23
242 2924
243 23
244 32
245 24
246 36
247 248
248 2540
249 152
250 42
251 156
252 48
253 58
254 49
255 723
256 9441
257 4
258 72
259 132
260 760
261 100
262 63
263 45
264 40
265 605
266 2609
267 15
268 16
269 13
270 2
271 269
272 490
273 2
274 837
275 6
276 169
277 556
278 2040
279 20
280 2
281 3
282 18
283 138
284 23
285 3
286 38
287 3
288 7
289 7
290 892
291 8
292 876
293 404
294 59
295 75
296 8
297 12
298 7
299 327
300 1
301 300
302 3
303 50
304 7
305 9
306 40
307 6
308 123
309 84
310 48
311 1
312 12
313 7
314 4
315 364
316 3
317 756
318 2
319 4
320 64
321 90
322 7230
323 75
324 142
325 12
326 180
327 79
328 12
329 199
330 52
331 4
332 11
333 11
334 1
335 16
336 9
337 6
338 1
339 337
340 66
341 17
342 194
343 12
344 104
345 4054
346 217
347 2
348 366
349 20
350 3
351 4
352 272
353 3
354 34
355 6
356 17
357 54
358 2
359 229
360 312
361 131
362 5
363 49
364 926
365 1059
366 26
367 18
368 10
369 5
370 1
371 70
372 2
373 7
374 4
375 2
376 10
377 3
378 50
379 130
380 16
381 2
382 25
383 68
384 2
385 21080
386 52
387 7
388 4
389 97
390 84
391 54
392 42
393 1
394 4
395 44
396 3
397 698
398 6
399 42
400 86
401 6
402 5397
403 1668
404 20
405 2
406 13
407 152
408 4
409 4
410 9309
411 432
412 24
413 8
414 672
415 63
416 33
417 10
418 6
419 30
420 3
421 9
422 16
423 30
424 22
425 12
426 17
427 853
428 29
429 15
430 1067
431 6
432 24
433 15
434 83
435 10
436 10
437 7
438 18
439 16
440 28
441 108
442 2
443 36
444 18
445 38
446 8
447 5
448 60
449 2
450 1580
451 3
452 17
453 6
454 1176
455 634
456 24
457 306
458 4
459 274
460 6
461 6
462 69
463 56
464 64
465 58
466 43
467 761
468 1
469 1134
470 354
471 2
472 1
473 1830
474 66
475 234
476 1863
477 16
478 53
479 238
480 30
481 1195
482 38
483 3
484 72
485 67
486 32
487 1325
488 3646
489 139
490 269
491 15
492 29
493 85
494 2
495 3
496 154
497 1041
498 24
499 180
500 23
501 322
502 6
503 19
504 16
505 84
506 40
507 28
508 1260
509 36
510 9
511 22
512 238
513 180
514 8
515 290
516 12
517 30
518 1737
519 160
520 90
521 3
522 3
523 229
524 5892
525 89
526 12
527 352
528 4
529 3
530 22
531 76
532 29
533 10
534 540
535 10
536 12
537 50
538 17
539 688
540 1
541 205
542 1
543 8
544 6
545 18
546 66
547 46
548 8
549 24
550 4
551 21
552 1
553 10
554 2
555 3
556 18
557 3
558 36
559 1743
560 18
561 165
562 162
563 79
564 300
565 228
566 1223
567 133
568 546
569 32
570 252
571 7
572 1
573 105
574 7
575 246
576 26
577 3
578 54
579 3
580 12
581 86
582 390
583 4
584 5860
585 744
586 5
587 4
588 2
589 5
590 21
591 3
592 5
593 13
594 1492
595 144
596 7
597 377
598 294
599 18
600 128
601 24
602 28
603 33
604 63
605 15
606 48
607 5
608 11
609 176
610 10
611 30
612 54
613 20
614 90
615 76
616 63
617 90
618 13
619 3
620 288
621 396
622 8
623 3
624 4
625 16
626 12
627 40
628 50
629 64
630 138
631 42
632 38
633 20
634 154
635 204
636 14
637 14
638 4434
639 1550
640 3
641 72
642 2
643 1386
644 4
645 36
646 440
647 1860
648 81
649 44
650 109
651 480
652 18
653 630
654 6
655 26
656 135
657 231
658 42
659 5
660 4
661 42
662 69
663 30
664 39
665 1
666 24
667 6
668 88
669 172
670 6
671 24
672 3130
673 64
674 6
675 32
676 178
677 24
678 4
679 2
680 444
681 270
682 6
683 10
684 5
685 817
686 41
687 307
688 68
689 6
690 141
691 321
692 6
693 36
694 4
695 4
696 102
697 4
698 4
699 3
700 684
701 17
702 1
703 113
704 74
705 17
706 246
707 8
708 6
709 10
710 5
711 5
712 45
713 7
714 32
715 656
716 36
717 1707
718 10
719 59
720 248
721 19
722 46
723 1
724 16
725 22
726 108
727 4
728 591
729 9
730 58
731 17
732 3
733 6479
734 1
735 161
736 248
737 2
738 75
739 68
740 3
741 46
742 8
743 102
744 580
745 10
746 54
747 113
748 72
749 81
750 1527
751 12
752 53
753 20
754 1249
755 81
756 130
757 115
758 515
759 7
760 324
761 37
762 636
763 7
764 17
765 96
766 6
767 1
768 42
769 32
770 48
771 683
772 5
773 17
774 10
775 33
776 5
777 1
778 576
779 81
780 8556
781 13
782 3
783 1
784 100
785 2234
786 160
787 2139
788 343
789 14
790 642
791 2
792 16
793 10
794 48
795 12
796 15
797 2
798 2
799 8
800 18
801 579
802 67
803 31889
804 4
805 2
806 24
807 15
808 31
809 22
810 94
811 32
812 367
813 4
814 59
815 1
816 120
817 40
818 30
819 40
820 54
821 1694
822 9
823 2
824 105
825 9
826 60
827 3
828 337
829 180
830 190
831 6
832 162
833 9
834 302
835 3
836 83
837 11
838 44
839 504
840 243
841 8
842 4
843 1122
844 2
845 14
846 1812
847 170
848 22
849 444
850 12
851 6
852 13
853 8187
854 2
855 157
856 75
857 730
858 168
859 26
860 816
861 758
862 30
863 196
864 10
865 12
866 18258
867 2
868 18
869 41
870 45
871 3
872 1234
873 2526
874 1
875 90
876 5
877 186
878 1220
879 2
880 18
881 1
882 2502
883 2
884 90
885 121
886 5
887 2
888 112
889 356
890 117
891 14
892 16
893 52
894 45
895 174
896 15
897 3
898 6
899 3
900 9
901 72
902 8938
903 4
904 4
905 183
906 3
907 4
908 63
909 2
910 432
911 156
912 68
913 6
914 6
915 8
916 2
917 236
918 661
919 14
920 7
921 8
922 156
923 30
924 497
925 122
926 38
927 4
928 15
929 1
930 42
931 15
932 69
933 39
934 3
935 22
936 6
937 82
938 3
939 1918
940 52
941 125
942 42
943 25
944 18
945 81
946 32
947 7
948 40
949 560
950 2
951 673
952 1
953 23
954 49
955 100
956 15
957 6
958 2
959 360
960 3
961 214
962 120
963 156
964 1440
965 18
966 16
967 104
968 36
969 12
970 4
971 18
972 8
973 81
974 2
975 2
976 12
977 1707
978 150
979 20
980 72
981 1107
982 66
983 6
984 21
985 2142
986 954
987 237
988 2329
989 72
990 2
991 32
992 93
993 9
994 76
995 37
996 1167
997 572
998 8
999 30
