0 478
1 272
2 690
3 843
4 1202
5 1645
6 1589
7 1278
8 943
9 696
10 636
11 645
12 637
13 634
14 681
15 730
16 627
17 432
18 239
19 114
20 34
21 27
22 25
23 23
24 19
25 17
26 17
27 17
28 16
29 13
30 9
31 5
32 3
33 1
34 1
35 1
36 2
37 2
38 3
39 3
40 1
0 306
1 61
2 134
3 17
4 19
5 15
6 9
7 12
8 18
9 17
10 28
11 35
12 49
13 61
14 30
15 13
16 11
17 11
18 9
19 6
20 8
21 12
22 14
23 20
24 12
25 13
26 16
27 17
28 14
29 2
30 7
31 13
32 14
33 14
34 11
35 14
36 19
37 38
38 50
39 50
40 78
41 93
42 98
43 59
44 28
45 4
46 3
