0 10275383941
1 6256526479
2 5947650055
3 3475403152
4 2183962095
5 1299861082
6 782108128
7 477420363
8 293418942
9 181301282
10 112082208
11 69816078
12 44402763
13 29605971
14 20601979
15 14724867
16 10528342
17 7494018
18 5372736
19 3908285
20 2820671
21 2038976
22 1482321
23 1079044
24 784543
25 570346
26 402751
27 278161
28 185959
29 124383
30 85363
31 60216
32 44220
33 32809
34 24005
35 17608
36 12952
37 9698
38 7260
39 5198
40 3653
41 2722
42 2060
43 1644
44 1210
45 821
46 558
47 332
48 194
49 108
50 23
51 3
