0 20880
1 8232
2 10072
3 5376
4 3224
5 5117
6 1079
7 8277
8 2854
9 2156
10 3597
11 2813
12 4824
13 2130
14 11898
15 1680
16 2429
17 8893
18 7135
19 4287
20 1134
21 2906
22 4421
23 5459
24 15250
25 2112
26 2981
27 1917
28 5207
29 8934
30 13379
31 6196
32 594
33 9296
34 2258
35 10115
36 9466
37 1361
38 10848
39 1225
40 954
41 5562
42 14964
43 23979
44 1350
45 1029
46 1388
47 992
48 4995
49 6592
50 3437
51 16506
52 3558
53 6622
54 1171
55 1216
56 9296
57 4159
58 5712
59 5639
60 11182
61 7995
62 1090
63 3963
64 2105
65 5148
66 7931
67 3422
68 5282
69 6048
70 3939
71 15196
72 2383
73 2069
74 4398
75 14908
76 2396
77 20202
78 4322
79 12560
80 3012
81 2988
82 3169
83 4920
84 17008
85 4691
86 1348
87 578
88 1049
89 6056
90 9108
91 2091
92 1319
93 5290
94 2054
95 2095
96 10599
97 5895
98 13192
99 6999
100 1573
101 11257
102 4290
103 1355
104 3489
105 1473
106 10400
107 16014
108 18671
109 6942
110 8631
111 13175
112 5662
113 18245
114 6449
115 9904
116 11572
117 3369
118 2352
119 2641
120 16960
121 1515
122 2552
123 13039
124 1582
125 3893
126 2295
127 5284
128 7753
129 11104
130 1495
131 1280
132 2500
133 4993
134 3307
135 5872
136 37887
137 2891
138 24202
139 2883
140 5141
141 8930
142 5964
143 4780
