0 20592
1 7444
2 10069
3 4594
4 3224
5 4795
6 919
7 3956
8 1624
9 1098
10 2200
11 1270
12 2004
13 1830
14 4303
15 1680
16 2427
17 8839
18 3811
19 4287
20 938
21 2868
22 3489
23 5151
24 7831
25 1121
26 2981
27 1916
28 2512
29 3773
30 5643
31 3059
32 594
33 8958
34 1799
35 10066
36 9466
37 1361
38 10658
39 1026
40 678
41 5562
42 14052
43 23979
44 737
45 797
46 912
47 624
48 2882
49 6337
50 3275
51 16210
52 3362
53 6306
54 935
55 980
56 7900
57 1994
58 5686
59 5289
60 9048
61 7995
62 1090
63 1993
64 2105
65 5148
66 7925
67 3422
68 5282
69 5998
70 3126
71 7598
72 1264
73 2069
74 4278
75 14908
76 1724
77 19224
78 4170
79 12560
80 3012
81 2988
82 3169
83 4918
84 16930
85 4482
86 1326
87 503
88 892
89 3708
90 5402
91 2091
92 1108
93 4590
94 1239
95 1697
96 10079
97 5794
98 12590
99 3811
100 737
101 11222
102 3913
103 983
104 3489
105 1473
106 10400
107 16014
108 18565
109 6600
110 8401
111 12793
112 5398
113 17324
114 6449
115 9904
116 11516
117 2984
118 2352
119 2297
120 16210
121 1168
122 1239
123 12990
124 1328
125 2985
126 2073
127 5259
128 7701
129 10658
130 1171
131 1045
132 1977
133 4968
134 1212
135 5082
136 37740
137 2295
138 24132
139 2295
140 2616
141 4192
142 4643
143 4780
