0 2.6666666666666665 42832198
0 1.5 42300939
0 4.5 30789802
0 1.25 32436036
0 1.75 53586126
0 1.5 33771895
0 3.3333333333333335 29051739
0 2.25 45988695
0 11.0 58765453
0 2.25 32431357
0 1.8 47758096
0 1.8 52170461
0 1.75 32562593
0 1.5 65115835
0 3.6666666666666665 60712890
0 1.8 43514936
0 1.6 44350537
0 1.0 10595148
0 1.8 45482203
0 3.0 32027008
0 0.8333333333333334 32226401
0 6.0 29678008
0 3.3333333333333335 10109112
0 1.6 12074942
0 2.0 29340908
0 3.6666666666666665 58236849
0 3.0 29350309
0 1.75 34804684
0 5.0 59993884
0 5.5 43143853
0 4.5 20306677
0 1.6 33188105
0 1.8 8555747
0 1.3333333333333333 61793796
0 1.4 12964240
0 1.75 21206183
0 1.25 30199754
0 1.8 62753328
0 3.3333333333333335 47715527
0 1.8 43919713
0 5.5 68215454
0 2.25 48106417
0 3.0 58664281
0 0.8 48215088
0 2.25 54026200
0 5.5 56583237
0 6.0 58083788
0 1.2 15269713
0 12.0 4162597
0 3.0 66620599
0 1.2 42209249
0 2.5 63100614
0 1.2 8614047
0 1.5 42389390
0 1.4 24095906
0 3.3333333333333335 58616514
0 2.75 14401215
0 1.6 60550776
0 2.0 19433665
0 6.5 26587808
0 4.5 13427738
0 6.5 61752609
0 1.1666666666666667 28586265
0 1.2 36626342
0 2.0 67539918
0 2.0 22686788
0 2.0 32324965
0 2.3333333333333335 65598069
0 1.4 28192468
0 4.5 57211686
0 2.5 7771915
0 1.0 46344007
0 3.3333333333333335 7283565
0 3.6666666666666665 1362073
0 1.0 43970978
0 2.0 53671744
0 1.75 42373057
0 1.4 67660
0 3.5 50176954
0 4.5 30925870
0 3.6666666666666665 12639473
0 3.6666666666666665 38938431
0 1.5 41402090
0 3.3333333333333335 7871194
0 3.3333333333333335 59953003
0 1.75 6898896
0 5.0 62172110
0 6.5 35314178
0 1.0 6419871
0 2.0 43639416
0 5.5 8734997
0 1.8 2335267
0 3.3333333333333335 12157038
0 2.25 8839323
0 0.8333333333333334 28272777
0 3.6666666666666665 28806365
0 1.4 8793604
0 0.7142857142857143 50408079
1 2.6666666666666665 16362791
1 2.5 8206813
1 6.0 61066747
1 1.5 9010846
1 2.0 2091362
1 3.5 27838940
1 3.6666666666666665 851722
1 12.0 18436507
1 4.5 4042725
1 4.0 11478257
1 1.4 20267702
1 3.3333333333333335 18243704
1 1.5 12832065
1 2.5 63633021
1 4.0 65248209
1 1.4 59392901
1 10.0 17188028
1 1.2 42359226
1 2.6666666666666665 23406812
1 1.5 38259791
1 5.0 20566894
1 0.42857142857142855 40974685
1 2.3333333333333335 9966136
1 3.3333333333333335 54365003
1 2.25 1427349
1 1.5 17006676
1 0.8 12034794
1 2.3333333333333335 8824181
1 0.3333333333333333 11760212
1 2.6666666666666665 21199164
1 1.2 2225806
1 1.5 2842035
1 6.0 32186597
1 3.0 20058579
1 2.0 18614503
1 4.0 16619076
1 5.0 19776569
1 0.8333333333333334 1437462
1 2.6666666666666665 907413
1 3.5 39183717
1 2.0 18992628
1 3.6666666666666665 28673983
1 3.0 64807532
1 2.6666666666666665 10865973
1 2.25 55729660
1 3.3333333333333335 3121753
1 3.0 20612695
1 3.6666666666666665 53540699
1 2.6666666666666665 6649282
1 2.6666666666666665 61145429
1 3.3333333333333335 21920591
1 1.6 917542
1 2.6666666666666665 36092921
1 3.0 2946422
1 2.3333333333333335 26221164
1 6.0 26450643
1 11.0 3765009
1 1.4 4556822
1 12.0 48030392
1 6.0 8983412
1 1.8 44564366
1 3.0 13177374
1 2.6666666666666665 39522061
1 4.5 60222076
1 0.6666666666666666 12521586
1 1.2 15916987
1 3.3333333333333335 17930636
1 2.5 15532490
1 4.0 50656754
1 2.6666666666666665 32213256
1 1.6 15583699
1 3.0 34531560
1 1.5 47700678
1 4.5 10817574
1 3.3333333333333335 16060852
1 1.6 14304507
1 1.2 24421638
1 0.6666666666666666 47022366
1 0.8333333333333334 6577166
1 1.6 16258160
1 3.3333333333333335 56398154
1 5.5 56030546
1 5.0 30310565
1 2.25 20593273
1 1.4 13733412
1 1.5 36488055
1 1.25 4916346
1 2.3333333333333335 34983980
1 3.3333333333333335 66000584
1 2.3333333333333335 40852260
1 1.0 33102743
1 5.5 1930247
1 1.5 31935984
1 15.0 27686824
1 3.3333333333333335 61904609
1 5.5 19096057
1 1.6 272874
1 3.3333333333333335 4591677
1 2.0 14943547
1 1.2 11102576
2 1.75 66417796
2 5.5 66853894
2 13.0 63409209
2 1.5 41866991
2 4.0 67608742
2 3.6666666666666665 13432354
2 6.0 9125399
2 5.5 57556594
2 3.3333333333333335 54908426
2 2.25 50603461
2 2.0 36427296
2 1.0 54112818
2 5.5 41787514
2 5.5 20000396
2 2.6666666666666665 31798502
2 0.75 33477326
2 3.6666666666666665 60496356
2 1.75 12165968
2 2.5 65013245
2 2.5 24914924
2 1.2 28692001
2 1.6 29538217
2 0.5714285714285714 5903606
2 1.4 8004016
2 2.5 19443013
2 3.0 3381432
2 2.6666666666666665 22923285
2 1.25 22181540
2 1.6 46868364
2 3.6666666666666665 47848691
2 6.0 50697758
2 1.5 57246189
2 1.75 17797795
2 4.0 62586236
2 2.25 59768890
2 4.5 40323511
2 4.0 33104257
2 4.0 35971750
2 2.0 36667849
2 1.4 41433237
2 0.6666666666666666 32987558
2 5.5 24457954
2 3.6666666666666665 20859020
2 1.1666666666666667 13671641
2 5.5 26670611
2 2.0 20636460
2 1.75 7418205
2 4.0 28182920
2 2.3333333333333335 43518757
2 6.5 42408298
2 1.4 12059168
2 4.0 38520803
2 2.0 13626825
2 4.5 24547365
2 2.0 31578721
2 1.75 40649945
2 1.0 52965407
2 2.0 31739241
2 6.0 39303296
2 6.5 13885813
2 4.5 38484729
2 1.0 31657219
2 1.4 22857751
2 2.0 10343967
2 3.6666666666666665 63362007
2 1.2 30874705
2 1.5 18674161
2 1.2 17726483
2 1.6 17666368
2 2.3333333333333335 43079233
2 3.0 40886775
2 2.6666666666666665 35100917
2 13.0 16534870
2 2.0 54126187
2 2.6666666666666665 7174949
2 2.0 11411082
2 0.8 43478447
2 2.0 25059998
2 2.0 29700437
2 0.6666666666666666 68116583
2 2.5 47186588
2 4.0 29013075
2 2.0 68099910
2 12.0 65861495
2 6.0 43573490
2 0.6666666666666666 31785769
2 2.25 43198597
2 2.6666666666666665 29858734
2 0.8 10425141
2 1.75 13681501
2 3.3333333333333335 41411347
2 0.7142857142857143 242458
2 3.0 67360880
2 4.5 21173328
2 2.0 11143913
2 1.6 44154339
2 2.25 50845959
2 1.0 4962140
2 1.0 9050193
2 5.5 59993715
3 1.75 24230382
3 5.5 65210131
3 1.0 46665347
3 9.0 42340135
3 2.25 49869083
3 2.0 66730884
3 2.6666666666666665 18026772
3 2.0 23662607
3 4.0 34334772
3 2.25 59158420
3 3.3333333333333335 37596760
3 1.4 53211186
3 4.5 61398757
3 1.5 7431568
3 3.3333333333333335 21843898
3 2.3333333333333335 38275885
3 1.2 47248491
3 5.0 43609152
3 2.0 56509968
3 8.0 16582597
3 2.0 272920
3 1.0 2182663
3 2.25 41527758
3 1.75 12214467
3 3.6666666666666665 25483078
3 1.4 30201868
3 0.75 11206736
3 1.5 11394129
3 1.4 50149830
3 2.0 11721386
3 3.0 18976358
3 3.6666666666666665 28855957
3 3.0 25556330
3 4.0 61596209
3 4.0 10954031
3 3.6666666666666665 13221154
3 3.0 8099178
3 2.0 65114483
3 3.3333333333333335 55426917
3 2.0 15975046
3 1.75 39378906
3 2.3333333333333335 27144739
3 2.25 8508431
3 3.0 29799568
3 1.0 36539171
3 1.2 28149251
3 2.6666666666666665 31906654
3 1.0 32664592
3 0.625 5877233
3 2.6666666666666665 43868405
3 1.75 32071757
3 11.0 16142934
3 1.25 14863760
3 1.4 40660417
3 2.3333333333333335 35768534
3 1.25 35596056
3 2.0 12795411
3 5.0 23496876
3 3.6666666666666665 16183121
3 6.5 3224126
3 1.6 43536444
3 1.0 10582074
3 1.75 22482813
3 3.0 61252709
3 4.0 36690045
3 2.0 37576158
3 1.25 10913878
3 1.2 67330804
3 1.3333333333333333 32061143
3 5.0 30924881
3 1.8 27331720
3 3.6666666666666665 43377297
3 3.6666666666666665 28439796
3 2.0 30250090
3 2.25 6822473
3 2.0 36684125
3 1.4 15405779
3 2.5 47250776
3 1.0 24495797
3 2.6666666666666665 28439513
3 6.5 63692160
3 1.2 52702459
3 3.0 26951654
3 3.5 27445098
3 6.0 26443712
3 0.7142857142857143 13040153
3 2.25 60225732
3 2.25 61439485
3 2.6666666666666665 23786576
3 13.0 16491543
3 3.5 34728785
3 1.6 50858456
3 5.0 63220326
3 2.25 7746454
3 2.3333333333333335 41145554
3 1.5 49586448
3 6.5 15432064
3 1.0 33898461
3 4.5 29502425
4 2.6666666666666665 30319798
4 6.5 25755624
4 6.5 9209112
4 2.6666666666666665 41104641
4 1.8 54960778
4 1.5 32893882
4 4.5 41145925
4 9.0 42861422
4 1.8 4110556
4 1.5 15582202
4 1.1666666666666667 297908
4 0.8333333333333334 32511457
4 3.3333333333333335 45646552
4 2.3333333333333335 34380490
4 2.6666666666666665 4273728
4 3.0 59300440
4 1.2 50706012
4 1.2 9516042
4 1.6 42271053
4 2.5 19825977
4 2.0 28335357
4 2.3333333333333335 11728225
4 3.0 13191777
4 6.0 20358841
4 1.75 12578606
4 13.0 41828052
4 3.0 60689938
4 2.6666666666666665 17367580
4 2.5 9179614
4 12.0 62476084
4 1.0 18736343
4 5.5 61344401
4 1.0 12020338
4 4.0 62728817
4 2.5 13473044
4 4.0 14848809
4 1.6 64071042
4 3.5 25122949
4 5.0 23034349
4 1.25 6513543
4 1.6 16121600
4 1.25 27081394
4 2.0 33027829
4 4.5 30817761
4 13.0 60053427
4 2.25 20122639
4 10.0 9068981
4 2.3333333333333335 4719671
4 11.0 31195319
4 2.3333333333333335 32008742
4 1.5 43543448
4 4.5 24791384
4 3.3333333333333335 45797709
4 1.25 2258341
4 2.3333333333333335 8020821
4 6.5 55228937
4 1.75 59293477
4 5.0 62840679
4 3.0 23283144
4 3.3333333333333335 13471683
4 9.0 62519162
4 6.0 42300147
4 2.6666666666666665 38279148
4 12.0 26662031
4 2.25 61348169
4 2.0 50376492
4 1.2 62929508
4 4.5 40743305
4 2.6666666666666665 6649207
4 3.6666666666666665 49413310
4 2.0 12268243
4 2.0 36360477
4 3.0 62143386
4 5.5 65614701
4 4.0 4639606
4 7.0 28130622
4 2.5 55235459
4 4.0 8132243
4 1.75 36815093
4 3.0 33623444
4 2.25 2374506
4 2.0 48654390
4 3.3333333333333335 34208374
4 2.6666666666666665 21079736
4 1.75 22672620
4 1.0 14942756
4 1.3333333333333333 34066437
4 3.6666666666666665 26454837
4 2.3333333333333335 62378431
4 1.4 59322232
4 2.25 17728374
4 2.6666666666666665 38355356
4 4.0 63744620
4 2.0 41449933
4 4.0 4136859
4 2.6666666666666665 16644160
4 2.5 18538105
4 2.6666666666666665 20925559
5 1.0 53409254
5 3.0 42413146
5 3.0 54658418
5 4.0 42508861
5 5.5 62569356
5 1.75 8034461
5 1.25 33802759
5 2.0 8410740
5 3.6666666666666665 10892998
5 2.0 30511864
5 2.6666666666666665 17154542
5 6.0 6432500
5 2.25 16805477
5 2.25 60090308
5 1.4 8843038
5 3.3333333333333335 23469320
5 8.0 21765384
5 6.0 56280998
5 2.5 49022063
5 3.6666666666666665 48061060
5 3.3333333333333335 39508744
5 5.5 27372256
5 2.6666666666666665 5765738
5 2.0 15311700
5 1.6 23509244
5 0.8 1902663
5 2.3333333333333335 6864607
5 2.75 1077863
5 3.0 9845630
5 1.25 42936482
5 1.0 49476108
5 0.75 43544585
5 5.5 52667530
5 1.25 31287604
5 3.3333333333333335 4485173
5 2.6666666666666665 62703528
5 1.5 32696950
5 2.3333333333333335 7537462
5 1.75 54680889
5 12.0 58813616
5 6.0 28225248
5 9.0 8052001
5 3.0 57836119
5 5.0 54052829
5 2.25 2819001
5 13.0 16825267
5 2.0 32670953
5 1.2 4297227
5 2.6666666666666665 7924575
5 1.4 52025061
5 1.0 12522587
5 5.5 43369544
5 1.75 47900754
5 2.6666666666666665 15643570
5 1.25 49550640
5 10.0 21628268
5 5.5 64562087
5 2.6666666666666665 41717076
5 0.8333333333333334 7488327
5 2.5 11359103
5 2.0 61274424
5 11.0 32066886
5 4.5 20290648
5 1.0 46453245
5 1.5 51983296
5 2.75 52311011
5 9.0 67361905
5 1.1666666666666667 48953055
5 2.3333333333333335 15283141
5 13.0 40161518
5 2.0 52383791
5 5.0 53264214
5 1.0 10853124
5 4.0 28781099
5 2.0 48878104
5 2.6666666666666665 47761093
5 2.6666666666666665 32637357
5 3.6666666666666665 8833271
5 1.5 32860990
5 2.6666666666666665 63977737
5 0.5 7204388
5 3.3333333333333335 7988487
5 4.5 17590399
5 2.3333333333333335 12029383
5 2.3333333333333335 16108641
5 2.0 45757552
5 3.3333333333333335 20074163
5 2.5 4499094
5 3.0 49461489
5 3.0 49485788
5 5.0 37520518
5 2.0 4837859
5 5.0 20438526
5 2.6666666666666665 30847009
5 11.0 57639456
5 3.5 17321824
5 2.5 46206444
5 2.6666666666666665 4968752
5 4.5 18578682
6 2.25 56858607
6 1.75 5793154
6 1.4 49139026
6 3.3333333333333335 18871565
6 2.0 49247473
6 1.75 11147741
6 2.6666666666666665 48870062
6 2.6666666666666665 52345467
6 2.0 45790679
6 2.0 3883218
6 1.5 1587945
6 2.6666666666666665 3355310
6 3.0 7503686
6 2.3333333333333335 68126754
6 1.6666666666666667 38149405
6 2.3333333333333335 46302895
6 1.4 50898032
6 2.25 4324018
6 3.6666666666666665 56506392
6 13.0 56570582
6 2.0 11715348
6 9.0 63507422
6 2.3333333333333335 36582975
6 1.6666666666666667 31180276
6 1.8 49874034
6 3.5 60498322
6 5.5 48885245
6 0.7142857142857143 6877193
6 3.0 1584827
6 1.75 7529109
6 1.75 9721700
6 2.0 30752697
6 5.0 54489282
6 3.6666666666666665 56494284
6 1.25 37724240
6 5.0 19211526
6 3.5 11822313
6 7.0 47851295
6 2.6666666666666665 5707038
6 3.3333333333333335 45737902
6 2.0 46056758
6 2.6666666666666665 34717803
6 5.5 45811792
6 2.3333333333333335 65213991
6 1.5 37309563
6 2.3333333333333335 47991845
6 2.5 45762314
6 0.8 5002108
6 6.0 60433424
6 3.0 31534224
6 2.6666666666666665 23515238
6 0.5714285714285714 1989834
6 2.6666666666666665 37688654
6 2.0 13136025
6 1.4 51117774
6 1.0 6683479
6 1.5 18388510
6 3.3333333333333335 53434426
6 2.3333333333333335 18558484
6 5.0 16724992
6 1.75 11004710
6 5.0 68365409
6 3.0 61170540
6 1.4 2254960
6 1.0 961445
6 5.5 58822058
6 1.75 5818781
6 1.5 10196430
6 1.2 8588638
6 3.6666666666666665 19823152
6 3.3333333333333335 14290930
6 2.0 44521358
6 4.0 23793355
6 2.6666666666666665 43149750
6 2.6666666666666665 68271127
6 4.0 30538251
6 1.6666666666666667 22360182
6 2.0 67101591
6 1.2 6998276
6 2.0 54507265
6 3.3333333333333335 23803934
6 2.3333333333333335 27111523
6 1.6 15651965
6 4.0 30850763
6 2.6666666666666665 22122081
6 1.4 30253465
6 4.0 59428053
6 5.5 47643522
6 1.2 46351249
6 5.0 61591416
6 10.0 25241863
6 2.6666666666666665 11624040
6 1.0 1623059
6 2.0 15439435
6 2.3333333333333335 40921366
6 2.25 47926363
6 5.5 35637102
6 3.0 54408897
6 3.6666666666666665 20663683
7 5.0 36927571
7 5.0 14256283
7 2.6666666666666665 46101075
7 3.0 9447593
7 5.0 46231253
7 2.0 18963209
7 3.0 30675226
7 3.3333333333333335 43565785
7 1.5 11729417
7 2.6666666666666665 11257341
7 3.0 2898005
7 2.25 49051482
7 2.3333333333333335 10674525
7 1.2 8420338
7 4.5 60495327
7 8.0 30617394
7 1.75 61354333
7 3.6666666666666665 50977319
7 5.5 16523641
7 2.5 44849411
7 3.0 14066669
7 2.0 22012924
7 3.6666666666666665 52737893
7 3.5 58358709
7 2.0 15001351
7 11.0 11477451
7 2.5 63626785
7 2.0 52626658
7 2.0 26652751
7 1.6 46053611
7 1.6 2470064
7 2.0 9723288
7 3.3333333333333335 16867370
7 4.5 4195399
7 2.25 3627881
7 1.4 9521791
7 12.0 53302065
7 5.5 45870972
7 1.6 13018486
7 3.6666666666666665 9095178
7 3.5 7074227
7 12.0 36940644
7 3.3333333333333335 45805578
7 2.0 20577925
7 3.0 65196539
7 1.0 34830387
7 3.6666666666666665 37060939
7 2.6666666666666665 50711192
7 3.0 14331279
7 5.0 57529020
7 3.5 21977801
7 1.6 59414010
7 8.0 31339805
7 5.5 59800921
7 2.0 3318037
7 3.6666666666666665 48947529
7 2.0 42144328
7 2.0 64365580
7 3.0 59630556
7 1.6 48923832
7 5.5 16303464
7 4.5 30947169
7 11.0 24451062
7 3.0 24446059
7 2.6666666666666665 13308597
7 3.0 54745834
7 1.25 33404483
7 2.3333333333333335 24110103
7 4.5 5755857
7 0.5 11140878
7 4.0 56911824
7 12.0 21971277
7 5.5 21475432
7 4.0 67492649
7 3.3333333333333335 34263285
7 10.0 65962886
7 2.0 15458339
7 2.5 65527575
7 1.6666666666666667 37654557
7 1.75 15933254
7 2.0 4284612
7 2.6666666666666665 65099312
7 3.0 5270756
7 2.3333333333333335 41304055
7 5.0 43151870
7 4.5 63446641
7 2.0 51774992
7 3.6666666666666665 55207919
7 3.5 45883910
7 12.0 20891910
7 3.0 44546967
7 3.3333333333333335 25707552
7 2.3333333333333335 7196950
7 2.25 3785941
7 2.6666666666666665 14770057
7 1.25 30526423
7 2.25 5664357
7 2.0 3303991
7 2.3333333333333335 10851959
8 3.3333333333333335 20468713
8 2.5 13851097
8 2.6666666666666665 58242681
8 1.75 31150313
8 0.6666666666666666 46185843
8 1.2 24137176
8 4.0 45268975
8 5.5 11427660
8 2.0 61368127
8 4.5 29769105
8 1.6 18445102
8 3.6666666666666665 57477278
8 2.25 3700419
8 2.3333333333333335 53127342
8 3.3333333333333335 24587344
8 1.75 46312411
8 6.0 54614668
8 4.0 8242179
8 2.25 9982560
8 2.0 50663942
8 7.0 41914859
8 4.5 59511134
8 5.5 16791997
8 4.5 58442082
8 2.0 27100322
8 4.0 6700897
8 1.2 2839370
8 2.25 52191759
8 2.0 50168969
8 1.75 1190998
8 4.0 56376657
8 2.3333333333333335 8182604
8 2.3333333333333335 11658011
8 1.5 20994638
8 3.3333333333333335 26550431
8 3.3333333333333335 51058859
8 4.0 46399290
8 6.0 7996207
8 0.8 6469119
8 4.5 41250718
8 2.6666666666666665 18963547
8 1.5 10096638
8 4.5 42015132
8 4.5 30897758
8 5.5 17886815
8 5.0 49416910
8 1.4 400971
8 4.5 52811391
8 3.3333333333333335 22311595
8 2.0 64237524
8 4.0 31373594
8 2.25 52328623
8 2.5 37182087
8 5.5 55579380
8 3.3333333333333335 14510670
8 1.2 54837264
8 1.2 49405110
8 2.6666666666666665 28367785
8 10.0 50923786
8 1.0 13109087
8 2.3333333333333335 52901378
8 1.5 47393953
8 1.25 41302465
8 2.25 17969469
8 3.3333333333333335 59403318
8 1.6 51722179
8 11.0 50571691
8 1.75 49240209
8 4.0 45827839
8 2.25 3852626
8 7.0 37167936
8 4.0 58614795
8 5.5 60269087
8 1.75 36882620
8 6.5 61749726
8 5.5 52247139
8 4.5 22128500
8 12.0 19695893
8 1.6 51732217
8 1.75 12874913
8 3.0 28703160
8 1.5 65252941
8 5.5 27123885
8 6.0 68432196
8 3.0 54426917
8 2.5 25608583
8 2.0 37334913
8 3.3333333333333335 45347667
8 1.75 8383019
8 1.75 68390610
8 1.8 56430664
8 2.0 58598008
8 3.0 56396518
8 1.4 7181471
8 4.5 67298791
8 0.5 31233820
8 12.0 46318764
8 1.75 48758999
8 3.0 55683822
8 1.5 36563228
9 1.5 3908122
9 5.0 54776689
9 1.5 7538672
9 2.0 9999056
9 1.6 55431481
9 2.25 65092559
9 1.75 31503739
9 1.0 10127090
9 5.0 61244975
9 1.4 6985443
9 2.0 54823521
9 2.6666666666666665 46622781
9 1.5 66176643
9 2.25 2956110
9 11.0 62634700
9 1.75 6801859
9 2.3333333333333335 30303616
9 2.25 48119065
9 2.25 28415612
9 0.6666666666666666 63060480
9 3.6666666666666665 60933047
9 0.8 36625187
9 5.5 51960715
9 4.0 37206705
9 10.0 30762781
9 1.75 45878787
9 1.75 36551593
9 5.0 45616512
9 3.3333333333333335 37226171
9 2.5 52367793
9 3.5 49423874
9 1.6 45383608
9 6.5 51960363
9 4.0 42538747
9 4.0 30740996
9 2.25 49414877
9 3.0 67241076
9 1.75 51207468
9 1.0 32514105
9 1.4 9662574
9 3.0 31260686
9 1.0 5761504
9 3.5 15958990
9 10.0 52297742
9 11.0 63814782
9 3.0 18936060
9 3.5 40917969
9 2.5 55282012
9 3.0 9703491
9 3.0 9580545
9 2.0 3848794
9 1.8 56986462
9 1.75 20805090
9 5.0 20733086
9 1.75 11261831
9 2.6666666666666665 41920686
9 3.0 12007159
9 1.2 12816852
9 2.6666666666666665 8309929
9 1.75 22051725
9 1.3333333333333333 49152955
9 2.5 14505570
9 1.4 50522601
9 3.0 58165559
9 2.0 52329610
9 1.75 9321463
9 3.0 24486450
9 2.5 47094296
9 2.25 45577460
9 4.0 52668033
9 3.3333333333333335 46174251
9 13.0 56641684
9 4.5 65312981
9 5.0 20955226
9 4.5 8346403
9 2.25 51776594
9 2.0 1240788
9 1.1666666666666667 17809648
9 1.6 422048
9 3.6666666666666665 44860214
9 1.8 48440397
9 0.8571428571428571 1135927
9 2.0 33743564
9 5.0 60445277
9 5.5 57017396
9 0.5714285714285714 6257916
9 2.6666666666666665 42980445
9 5.5 21921794
9 2.0 9561827
9 2.25 27918873
9 1.4 1202494
9 3.3333333333333335 54836226
9 2.0 12750689
9 5.0 21762554
9 2.75 47378426
9 2.0 51171279
10 3.6666666666666665 48092932
10 1.2 51217304
10 12.0 54486759
10 2.6666666666666665 2985723
10 2.0 49812610
10 2.0 46389861
10 8.0 61703686
10 0.8333333333333334 30546277
10 3.3333333333333335 51259106
10 5.5 44460646
10 1.6 3054455
10 5.5 65814867
10 5.0 7011017
10 4.5 57048080
10 1.25 33170961
10 1.0 5371725
10 1.25 11675153
10 5.0 41976755
10 1.2 41780696
10 11.0 63313851
10 5.5 45197169
10 2.0 11974025
10 1.4 51226242
10 0.8 41001928
10 11.0 11867417
10 3.6666666666666665 50938050
10 3.3333333333333335 11974324
10 3.3333333333333335 45835646
10 2.0 12798622
10 7.0 13893669
10 2.3333333333333335 59466750
10 1.25 11917530
10 1.2 47951950
10 5.0 67263705
10 2.0 57064868
10 2.25 48060508
10 2.0 63818677
10 3.3333333333333335 53288441
10 1.75 54038322
10 2.6666666666666665 53280874
10 1.8 54534886
10 2.25 51995290
10 5.5 66025972
10 3.3333333333333335 54069206
10 3.3333333333333335 8108689
10 5.0 25443868
10 5.5 46178981
10 2.3333333333333335 51482741
10 1.75 61357140
10 3.0 67123559
10 12.0 54920517
10 3.3333333333333335 67317101
10 3.0 63277596
10 2.25 44955615
10 1.2 8304898
10 4.0 28226243
10 4.5 9435672
10 1.5 30376385
10 2.25 45663985
10 2.6666666666666665 11893273
10 5.0 2498608
10 2.25 52243911
10 2.6666666666666665 66045096
10 12.0 32034314
10 0.7142857142857143 36529526
10 4.5 58734718
10 1.2 14104364
10 1.2 7081617
10 4.5 46057938
10 5.5 11559448
10 2.0 11601024
10 2.0 54729083
10 3.3333333333333335 57059581
10 1.25 36538992
10 2.6666666666666665 14538353
10 2.6666666666666665 9876714
10 3.5 33098311
10 1.4 51782169
10 14.0 18975692
10 2.0 18407261
10 4.5 49518726
10 3.3333333333333335 55571174
10 4.333333333333333 45354343
10 5.5 20759019
10 5.0 41937782
10 9.0 27764056
10 1.5 12861851
10 5.0 66138228
10 12.0 56639368
10 3.0 54944626
10 4.5 56960789
10 1.6 9751669
10 4.5 8197166
10 2.0 49453097
10 1.5 47163894
10 3.0 5027254
10 2.25 63816776
10 2.6666666666666665 18651688
11 1.4 61800015
11 1.75 9721616
11 2.0 30433834
11 1.75 5770157
11 1.2 5806418
11 3.3333333333333335 49093263
11 1.4 18383392
11 2.25 39840333
11 12.0 28242560
11 3.0 50461907
11 12.0 58594713
11 5.5 51746064
11 1.2 41245807
11 5.0 13842850
11 5.5 28002917
11 5.5 27670560
11 2.6666666666666665 9347440
11 3.3333333333333335 61242716
11 2.6666666666666665 30679991
11 2.6666666666666665 58336768
11 3.0 24492492
11 4.0 54276369
11 4.5 20981752
11 3.0 26364360
11 3.3333333333333335 11429118
11 5.5 35856745
11 3.3333333333333335 54799237
11 3.0 24125513
11 5.0 20944083
11 2.6666666666666665 30920558
11 12.0 22127732
11 2.6666666666666665 27514243
11 2.25 45675494
11 2.6666666666666665 23775611
11 3.6666666666666665 13806104
11 1.0 51166144
11 5.0 36884447
11 1.2 30532270
11 11.0 31337690
11 13.0 52180904
11 1.4 9749930
11 5.5 63369588
11 9.0 27991521
11 5.0 25381436
11 1.4 12916874
11 5.5 22313587
11 3.5 32037433
11 5.0 39763384
11 2.6666666666666665 20823782
11 2.0 61631094
11 3.3333333333333335 46175763
11 3.5 37656036
11 3.0 56415113
11 2.25 48171407
11 4.5 31030146
11 1.75 29567292
11 5.0 35845862
11 1.75 47221882
11 11.0 54706673
11 6.0 23835019
11 3.0 52884549
11 2.25 52003298
11 2.0 9791684
11 4.5 20942079
11 1.0 8104168
11 13.0 27688103
11 1.0 1531388
11 2.3333333333333335 37468242
11 2.0 34705726
11 2.0 21755808
11 2.6666666666666665 50553424
11 1.8 2957014
11 1.5 29489072
11 6.0 52786431
11 2.25 54660494
11 5.5 49933141
11 10.0 58307394
11 2.6666666666666665 42159059
11 5.0 27368287
11 12.0 20908157
11 5.0 58232078
11 3.0 47338231
11 2.3333333333333335 53178409
11 5.5 20728402
11 2.0 11240936
11 1.4 49438391
11 3.0 57888126
11 5.0 10679911
11 2.25 44709863
11 11.0 27356435
11 1.5 51001523
11 5.0 30924553
11 1.4 51986470
11 3.3333333333333335 31409610
11 12.0 57043356
11 5.5 62446493
11 2.3333333333333335 20967500
11 5.0 4515087
11 12.0 59383854
12 2.6666666666666665 11996212
12 4.5 63401888
12 1.2 44541722
12 1.4 8239660
12 3.5 27619019
12 2.0 35724445
12 2.6666666666666665 14959724
12 5.0 52665276
12 1.5 27201719
12 5.5 56747059
12 6.5 49278108
12 4.5 19941529
12 3.0 50934102
12 5.0 50714221
12 3.0 54831304
12 2.25 54995962
12 2.6666666666666665 9653580
12 3.0 36603717
12 6.5 52321220
12 3.0 61301543
12 2.6666666666666665 53369198
12 3.3333333333333335 52009602
12 1.6 20802508
12 1.2 6883758
12 2.6666666666666665 11710177
12 2.0 28136385
12 3.6666666666666665 58219029
12 2.0 4267215
12 1.2 14488857
12 2.0 33470666
12 3.6666666666666665 57952849
12 3.3333333333333335 3874310
12 4.0 9644613
12 3.0 24407428
12 2.3333333333333335 33208337
12 1.4 32971914
12 2.25 56777826
12 5.0 57878376
12 2.5 44782683
12 2.3333333333333335 8197948
12 2.0 55021332
12 2.6666666666666665 9816163
12 5.0 67312283
12 4.5 55018200
12 2.25 20830356
12 1.0 36558949
12 1.8 9502858
12 5.5 61610022
12 3.3333333333333335 44782692
12 2.6666666666666665 33170919
12 1.75 15115048
12 3.6666666666666665 14327711
12 4.5 42447398
12 3.0 31008552
12 8.0 37545871
12 3.3333333333333335 20839376
12 1.8 1178222
12 1.8 44629707
12 3.0 54744520
12 2.0 27302708
12 6.0 49185526
12 3.3333333333333335 56996631
12 2.6666666666666665 20907438
12 3.6666666666666665 26559676
12 1.75 44883623
12 2.6666666666666665 30747259
12 2.6666666666666665 37090000
12 3.0 67568045
12 5.5 47558548
12 1.0 14979710
12 3.0 62938259
12 3.5 41853793
12 1.2 2860624
12 1.75 31385684
12 1.0 59414916
12 2.3333333333333335 29489819
12 12.0 22064528
12 2.25 33163782
12 3.0 46062946
12 2.0 39495761
12 1.4 54630900
12 13.0 59478396
12 2.5 51714325
12 5.0 25343483
12 2.6666666666666665 33750531
12 13.0 53980129
12 1.6 4464591
12 2.5 9689731
12 5.5 27650485
12 5.5 18514067
12 1.75 30350957
12 3.0 49031985
12 2.6666666666666665 8321127
12 2.0 9740721
12 5.0 31154414
12 5.0 56525973
12 5.5 14370878
12 11.0 58295464
12 5.0 58220290
13 1.5 41298620
13 3.6666666666666665 56501062
13 12.0 56902847
13 4.0 23916943
13 3.0 41510674
13 1.75 50470034
13 6.0 55442228
13 13.0 55596512
13 1.0 51212280
13 4.0 64351198
13 2.0 58553119
13 2.6666666666666665 8202939
13 1.4 51772872
13 2.0 47188184
13 1.0 36563567
13 1.5 11872268
13 5.5 61613768
13 2.0 49250545
13 4.5 30283204
13 5.5 59525594
13 11.0 55572292
13 2.3333333333333335 65736581
13 1.2 30356997
13 3.6666666666666665 13238936
13 3.3333333333333335 21846791
13 2.6666666666666665 28361704
13 2.6666666666666665 5198490
13 1.6 47288526
13 2.0 10128313
13 4.5 21013470
13 13.0 63302411
13 5.5 23868609
13 11.0 59616036
13 10.0 64123864
13 2.25 14227501
13 3.3333333333333335 20739512
13 2.3333333333333335 61690786
13 1.75 3911989
13 3.0 16558512
13 6.0 9572011
13 1.6 6798512
13 1.4 54630939
13 5.5 8131381
13 4.5 10021168
13 2.0 6816411
13 11.0 21919900
13 1.6 23784497
13 6.0 21435243
13 5.5 19767517
13 1.6 7478444
13 2.6666666666666665 30517160
13 1.25 65301379
13 11.0 37531782
13 2.0 61740186
13 5.5 58232401
13 1.4 52248300
13 2.25 13784110
13 13.0 55616110
13 3.3333333333333335 50973822
13 3.0 7489758
13 5.5 59460535
13 6.0 61428108
13 12.0 56821656
13 12.0 41927562
13 1.75 33251777
13 2.25 49273401
13 5.5 27963647
13 2.3333333333333335 57803202
13 5.0 58581491
13 2.6666666666666665 10027629
13 2.5 27856839
13 3.0 49494591
13 3.0 50425162
13 1.6666666666666667 41396428
13 2.6666666666666665 25273649
13 2.3333333333333335 65008551
13 6.0 54655245
13 2.25 13835088
13 1.5 11182687
13 1.75 7059282
13 9.0 23889489
13 13.0 62462611
13 2.25 25405712
13 3.6666666666666665 19749785
13 2.3333333333333335 11834966
13 1.2 49057249
13 3.0 37339104
13 5.5 3856147
13 2.0 58327951
13 1.0 11507516
13 1.75 9873910
13 13.0 58859491
13 1.75 4528527
13 3.0 21753568
13 5.5 22050837
13 2.6666666666666665 60397839
13 4.5 7023974
13 5.5 56788610
14 5.5 59801090
14 10.0 31420389
14 2.0 12804301
14 2.0 9398168
14 3.0 21946865
14 3.0 27411026
14 1.75 27269558
14 3.0 61846732
14 1.4 11200200
14 1.0 20605192
14 3.5 64365553
14 1.0 47174203
14 3.0 20814081
14 3.0 22101257
14 12.0 56791486
14 2.25 14290683
14 12.0 64261477
14 2.6666666666666665 21850297
14 2.3333333333333335 43125116
14 3.0 59398147
14 10.0 61741830
14 1.5 65081676
14 1.75 50447449
14 1.75 1150751
14 2.6666666666666665 51240535
14 3.0 19018176
14 12.0 54655248
14 2.6666666666666665 30491501
14 2.6666666666666665 51121131
14 5.5 58428869
14 3.0 2478917
14 1.3333333333333333 14239074
14 4.0 11264719
14 2.0 49203474
14 4.5 26416445
14 4.0 11577290
14 1.5 4548843
14 5.5 21843423
14 5.0 28265158
14 1.2 13269606
14 2.5 20595297
14 3.3333333333333335 51785146
14 2.6666666666666665 11337001
14 1.2 50758523
14 3.3333333333333335 56112480
14 5.0 13811396
14 3.0 26271257
14 2.25 18532644
14 5.5 22056454
14 1.5 9464702
14 13.0 46294989
14 5.0 50683375
14 13.0 25315880
14 5.5 20838181
14 3.6666666666666665 52382609
14 2.3333333333333335 65198350
14 3.0 11440236
14 1.4 9438686
14 1.0 53210280
14 3.3333333333333335 16470154
14 3.3333333333333335 50418949
14 10.0 67413236
14 11.0 58266304
14 2.25 55962918
14 3.3333333333333335 54816118
14 2.3333333333333335 34748359
14 6.0 52540330
14 4.5 64009401
14 2.3333333333333335 20912917
14 3.0 27479930
14 6.0 54976016
14 11.0 49271143
14 4.0 58292255
14 4.0 52392472
14 1.6 63366980
14 3.0 23977212
14 1.75 9673716
14 2.6666666666666665 50433413
14 1.75 50374338
14 3.0 52349212
14 4.0 36931157
14 3.0 21981265
14 6.0 52024354
14 2.25 4356018
14 3.0 28226783
14 13.0 61617080
14 3.6666666666666665 63969586
14 2.6666666666666665 18625100
14 2.0 67229006
14 4.0 12388286
14 1.25 5267022
14 4.5 37094469
14 2.3333333333333335 37206509
14 2.5 43419517
14 14.0 55549334
14 2.0 20653058
14 2.25 45339987
14 3.0 11528337
15 1.75 39494353
15 1.4 5006342
15 3.0 30874500
15 1.5 30559481
15 2.0 51849424
15 1.6 14244095
15 1.5 51165536
15 1.4 30396420
15 3.0 27604395
15 3.6666666666666665 9438048
15 1.25 11667662
15 3.3333333333333335 61829882
15 5.5 46244380
15 5.0 21041348
15 3.3333333333333335 52024980
15 2.0 43475872
15 2.0 3717536
15 1.5 36519915
15 3.5 11462694
15 2.6666666666666665 23684485
15 4.5 41239908
15 2.3333333333333335 37129259
15 1.75 63618215
15 5.0 57916768
15 10.0 28053870
15 1.75 47259140
15 2.25 52674773
15 3.0 27191483
15 3.0 48115857
15 2.6666666666666665 55461363
15 2.3333333333333335 63885694
15 2.6666666666666665 30275857
15 1.5 6912600
15 2.0 18616929
15 1.75 53394285
15 12.0 58218532
15 4.5 63908087
15 3.3333333333333335 63277533
15 12.0 18976844
15 1.75 65152714
15 2.5 52534192
15 4.5 21085214
15 5.5 22196197
15 2.6666666666666665 41731109
15 13.0 55585865
15 4.5 61590841
15 1.5 64209865
15 2.0 9385084
15 2.6666666666666665 36770331
15 3.0 20925481
15 1.0 27280840
15 3.0 9319787
15 3.3333333333333335 63448598
15 5.0 20753443
15 0.8 11642590
15 5.0 49071750
15 3.0 20936554
15 6.0 61786449
15 4.5 52854539
15 4.5 61701797
15 2.0 4442253
15 3.6666666666666665 52541610
15 3.0 59383005
15 2.3333333333333335 9895261
15 5.0 49269200
15 1.75 63019550
15 1.5 23972940
15 11.0 37232528
15 5.5 9731475
15 1.2 45248677
15 1.5 11855165
15 3.6666666666666665 18520809
15 11.0 56690522
15 5.0 64255347
15 4.0 30524749
15 4.0 33402522
15 6.0 2984286
15 4.5 49120402
15 1.6666666666666667 33156005
15 1.75 14455936
15 2.6666666666666665 2918606
15 5.5 20941929
15 0.8333333333333334 41187123
15 2.25 9696238
15 2.6666666666666665 15035517
15 3.0 49427532
15 1.5 6899935
15 3.6666666666666665 51770280
15 1.75 50593127
15 2.25 23892235
15 1.25 42130936
15 8.0 59566608
15 3.0 18661633
15 2.0 9473759
15 4.5 63515537
15 2.6666666666666665 12433789
15 2.6666666666666665 49477738
15 1.75 56876530
15 1.75 61799147
15 1.0 57907325
16 3.6666666666666665 44446440
16 2.0 12373879
16 3.0 67298743
16 6.5 45743438
16 1.75 58417017
16 13.0 19926742
16 6.0 19912423
16 3.5 20999775
16 2.0 64204113
16 13.0 54987856
16 3.0 28226773
16 1.6 51607667
16 1.75 9388820
16 2.3333333333333335 30562460
16 5.0 61740098
16 5.5 2917990
16 4.5 64331653
16 2.3333333333333335 11703470
16 2.0 3327890
16 3.0 47176346
16 3.0 57761009
16 3.0 27338583
16 1.6 13230892
16 5.5 31014183
16 1.5 28108904
16 5.0 50459762
16 3.0 53426005
16 2.0 3868554
16 6.5 58232670
16 12.0 23361217
16 3.6666666666666665 48035339
16 12.0 37102253
16 3.0 29546698
16 11.0 22036255
16 2.6666666666666665 65161444
16 4.5 31462679
16 2.6666666666666665 9691738
16 3.0 63121671
16 1.5 43410262
16 2.6666666666666665 18569401
16 4.0 61607660
16 2.3333333333333335 27965507
16 1.2 2502682
16 1.0 53406244
16 0.8 30376530
16 1.5 15091144
16 2.3333333333333335 11648102
16 2.6666666666666665 51180457
16 11.0 63205307
16 5.0 63400229
16 12.0 20813031
16 1.0 41044362
16 10.0 63794218
16 2.25 2545383
16 2.0 14962486
16 1.6 51215754
16 3.3333333333333335 5225037
16 3.0 11255121
16 3.0 27921320
16 2.3333333333333335 28067432
16 2.6666666666666665 64211436
16 5.5 63302409
16 1.75 9594066
16 2.3333333333333335 65522673
16 2.6666666666666665 31380984
16 5.0 45721240
16 4.5 50933406
16 2.0 43353371
16 4.5 4404600
16 10.0 63869675
16 3.0 64285269
16 3.0 48201896
16 10.0 67280893
16 9.0 25317555
16 2.0 8941553
16 5.0 58100858
16 1.4 57875919
16 2.3333333333333335 27432418
16 1.75 63241837
16 1.0 30491797
16 2.3333333333333335 27998749
16 3.0 18461165
16 5.5 57976668
16 12.0 30958415
16 5.5 56797147
16 5.0 21967069
16 5.0 63600514
16 4.5 41243719
16 1.75 50862716
16 1.6 13717507
16 1.25 49353451
16 2.0 26433123
16 1.2 548279
16 2.25 27326001
16 2.6666666666666665 9515844
16 4.5 37198086
16 1.75 47324808
16 6.0 20610580
17 3.6666666666666665 45302851
17 1.0 50742404
17 12.0 63862943
17 4.5 15255792
17 2.0 33251383
17 2.0 56440394
17 4.5 22007271
17 5.0 18476897
17 1.5 30514408
17 1.2 51284660
17 2.6666666666666665 48981140
17 3.0 23894748
17 4.5 61544314
17 1.0 63070724
17 2.25 48060237
17 1.4 50517342
17 2.25 54639075
17 2.6666666666666665 9436526
17 4.0 68388370
17 9.0 67218800
17 5.5 27320727
17 2.25 21777661
17 6.5 52806699
17 2.0 48125395
17 12.0 63218359
17 11.0 14344299
17 2.3333333333333335 41361120
17 2.75 54639234
17 4.5 59566256
17 1.5 65183282
17 3.3333333333333335 52727990
17 1.5 63579938
17 4.5 64285200
17 2.6666666666666665 64194039
17 5.0 28276427
17 5.5 20781821
17 1.75 11250684
17 3.3333333333333335 28264848
17 2.6666666666666665 8335031
17 12.0 61345692
17 1.75 9676042
17 3.3333333333333335 27956825
17 4.5 59569086
17 4.0 63779033
17 1.2 9820024
17 1.4 47965490
17 1.25 11665964
17 3.6666666666666665 13240086
17 3.0 43324937
17 1.2 11196380
17 11.0 65162231
17 2.6666666666666665 57886689
17 3.3333333333333335 68265961
17 3.3333333333333335 20861116
17 1.75 12404471
17 10.0 51148155
17 0.8 9909429
17 3.6666666666666665 63716935
17 5.0 57922935
17 1.5 11624932
17 5.5 58316701
17 2.6666666666666665 20972251
17 5.5 49423275
17 1.75 31240566
17 4.5 31006701
17 4.5 51071491
17 6.0 21936191
17 6.0 56501189
17 2.3333333333333335 47302379
17 3.3333333333333335 42462291
17 1.2 53406242
17 5.0 56807233
17 5.0 12851878
17 1.6 54662758
17 3.0 31249044
17 10.0 67587248
17 5.0 56805998
17 3.0 50468033
17 11.0 30777737
17 5.5 20908778
17 1.75 6721463
17 2.0 37356429
17 1.75 51153616
17 2.6666666666666665 30994423
17 3.0 23915871
17 2.6666666666666665 22112869
17 2.6666666666666665 45678053
17 2.25 52400797
17 2.3333333333333335 34689973
17 3.3333333333333335 14225450
17 11.0 30300920
17 2.6666666666666665 64357742
17 2.5 13286942
17 2.3333333333333335 33192623
17 4.5 27329839
17 12.0 56792022
17 2.6666666666666665 64256942
17 1.5 41271774
17 1.5 6971396
17 11.0 67337927
18 2.0 61666498
18 2.6666666666666665 50690286
18 2.3333333333333335 67256288
18 8.0 31446793
18 1.5 15153794
18 4.0 58617692
18 12.0 28306830
18 4.5 21963998
18 2.3333333333333335 42537177
18 1.8 14243117
18 5.0 67477971
18 3.3333333333333335 13801763
18 5.0 63849517
18 4.5 50889885
18 1.25 11896889
18 1.2 50739882
18 0.8333333333333334 46156393
18 5.0 53310222
18 2.6666666666666665 31158141
18 2.5 54766469
18 3.0 22002505
18 2.6666666666666665 9922083
18 4.5 4615095
18 5.5 25315979
18 3.3333333333333335 30393745
18 1.4 4971931
18 6.0 21802071
18 6.0 22032304
18 2.6666666666666665 11425296
18 3.3333333333333335 57016741
18 2.6666666666666665 67061092
18 1.6 49150579
18 1.2 30868806
18 1.4 47951669
18 5.5 19824558
18 2.5 56423074
18 11.0 28348497
18 3.3333333333333335 23914651
18 3.0 61326724
18 4.5 34698734
18 5.5 9758665
18 6.0 61555626
18 9.0 63932538
18 3.0 14407065
18 3.3333333333333335 61728921
18 11.0 21954444
18 3.3333333333333335 55466743
18 5.0 51147239
18 3.3333333333333335 20811783
18 3.0 37577188
18 5.0 64291351
18 4.5 31047317
18 2.3333333333333335 31171146
18 12.0 22117205
18 3.3333333333333335 50532348
18 2.6666666666666665 22057652
18 1.75 5031163
18 2.0 20977514
18 11.0 61760503
18 2.0 49411995
18 4.0 22179112
18 3.3333333333333335 52023499
18 11.0 61860352
18 4.5 22246540
18 10.0 63776162
18 2.0 50313743
18 3.0 50697727
18 3.0 42462464
18 5.0 27953206
18 5.0 21813397
18 5.5 64222784
18 2.6666666666666665 48966915
18 2.6666666666666665 31459849
18 3.5 30290686
18 9.0 37104440
18 2.6666666666666665 47201023
18 5.5 49412098
18 3.3333333333333335 27298961
18 2.6666666666666665 31002826
18 2.6666666666666665 58598985
18 2.6666666666666665 50833056
18 4.0 50815120
18 4.5 17231164
18 3.3333333333333335 4390287
18 1.25 48993128
18 2.0 52316900
18 6.0 20763522
18 1.2 30377739
18 5.0 9759072
18 2.6666666666666665 22779114
18 3.0 61680245
18 1.0 11849303
18 3.6666666666666665 20928243
18 4.5 47336871
18 2.0 47254815
18 2.25 52832692
18 2.6666666666666665 49121659
18 2.3333333333333335 4625171
18 6.0 8247947
18 3.0 11470013
19 5.5 49183152
19 1.0 8842067
19 1.75 9756359
19 5.0 59455372
19 2.0 49207129
19 2.0 9921607
19 1.75 52893380
19 2.25 9671786
19 2.6666666666666665 31006447
19 5.0 63575375
19 4.5 43271061
19 2.6666666666666665 63154631
19 1.5 20978429
19 4.5 11620742
19 4.5 22103019
19 8.0 33228504
19 12.0 63129531
19 1.75 6890007
19 2.6666666666666665 21833915
19 2.3333333333333335 63568092
19 3.3333333333333335 31013665
19 6.0 58309276
19 3.0 28432543
19 3.0 49355424
19 12.0 56943327
19 3.6666666666666665 45730947
19 4.5 41261456
19 2.3333333333333335 34524066
19 11.0 63830820
19 4.0 59526518
19 3.0 23901207
19 2.0 11623941
19 2.6666666666666665 49429838
19 5.5 60255582
19 1.4 51829010
19 5.5 63707779
19 2.0 42590545
19 3.0 4477374
19 2.3333333333333335 9799201
19 2.3333333333333335 50608754
19 2.0 14448454
19 4.5 42539261
19 5.0 20754927
19 5.0 63705003
19 3.0 58581254
19 5.5 52832695
19 2.25 18563400
19 2.0 18492102
19 12.0 20986632
19 3.0 22101344
19 1.0 11845347
19 2.0 20656685
19 4.5 57983886
19 5.0 54621523
19 5.5 18458284
19 6.0 56501826
19 5.0 30731880
19 3.5 31034718
19 13.0 63470792
19 2.0 18645172
19 2.0 50387613
19 6.0 19899843
19 2.6666666666666665 28223877
19 11.0 31262766
19 6.0 63722966
19 3.0 50397079
19 3.0 63585295
19 2.6666666666666665 59396121
19 2.0 49076211
19 2.3333333333333335 63451146
19 2.6666666666666665 37449034
19 2.6666666666666665 45792983
19 5.5 49342842
19 3.6666666666666665 49395104
19 4.5 62991460
19 5.0 63829384
19 2.0 9723294
19 11.0 63692176
19 5.0 30740826
19 11.0 64357915
19 5.5 31359766
19 5.5 42537727
19 3.3333333333333335 57963863
19 3.0 47341909
19 3.0 31000268
19 6.0 53681947
19 2.25 50531855
19 4.5 28194589
19 2.6666666666666665 67386234
19 5.0 30898915
19 5.5 56641724
19 3.5 11637367
19 4.5 9618472
19 5.0 23915964
19 4.0 61703436
19 3.0 22073978
19 5.5 14410212
19 5.5 52748324
20 3.3333333333333335 52727629
20 3.0 63708168
20 3.6666666666666665 61425431
20 14.0 61417617
20 1.5 11614425
20 1.0 42403272
20 1.4 50517496
20 5.0 27934379
20 3.0 59609053
20 3.0 58370120
20 5.5 52797705
20 6.0 49216165
20 3.0 58476157
20 3.3333333333333335 12855758
20 3.0 21866598
20 3.3333333333333335 21054434
20 5.5 27941710
20 3.0 51735551
20 2.0 30397934
20 11.0 42488697
20 1.5 11140635
20 5.0 49365197
20 6.0 55556224
20 2.0 9421509
20 1.5 30996472
20 1.6 49331794
20 2.3333333333333335 22012870
20 2.6666666666666665 61675112
20 5.0 51162265
20 3.0 27951334
20 2.6666666666666665 9954223
20 3.0 9981479
20 3.3333333333333335 59445680
20 4.0 31005811
20 3.0 4486544
20 3.3333333333333335 27300921
20 3.6666666666666665 61787186
20 1.75 14404597
20 4.5 49447554
20 2.3333333333333335 11650108
20 3.6666666666666665 28318101
20 2.5 44807569
20 5.0 62981584
20 2.0 13244552
20 9.0 51144641
20 4.5 21827571
20 4.5 31044379
20 1.75 50644018
20 2.25 63132201
20 3.0 30999613
20 5.0 58296473
20 5.0 50851811
20 5.0 63832491
20 2.6666666666666665 27918375
20 2.6666666666666665 51144632
20 3.0 11674332
20 3.5 61671770
20 3.0 49376532
20 3.0 65224366
20 2.6666666666666665 64227869
20 4.5 64125078
20 3.0 49429836
20 4.0 49146194
20 5.5 21945509
20 2.25 56502274
20 3.0 37616281
20 2.6666666666666665 51121493
20 2.0 6722181
20 3.3333333333333335 11618356
20 5.5 54671695
20 5.5 56803919
20 4.0 18501812
20 4.0 37105784
20 2.6666666666666665 49068325
20 1.75 30514330
20 3.3333333333333335 63885525
20 5.0 64147886
20 2.25 50758337
20 2.3333333333333335 67301518
20 2.6666666666666665 37613104
20 5.0 63220042
20 5.5 3876132
20 2.3333333333333335 49258741
20 9.0 67035611
20 2.25 28064977
20 2.3333333333333335 21785397
20 0.6666666666666666 51112493
20 1.5 4625144
20 6.0 56779852
20 5.0 63014408
20 13.0 19932882
20 5.5 49421466
20 3.0 14945259
20 1.4 23900652
20 5.0 61512424
20 10.0 67478586
20 1.4 50516679
20 2.0 47300242
20 5.0 28081962
20 4.0 31469785
21 3.3333333333333335 47570676
21 3.0 48043475
21 2.0 9705145
21 2.6666666666666665 49161934
21 1.5 1558484
21 11.0 28225867
21 5.0 50421026
21 1.75 51019373
21 5.0 30812423
21 12.0 19755460
21 12.0 61527549
21 2.6666666666666665 3854960
21 5.0 50542901
21 1.75 65928176
21 3.0 21815478
21 5.0 20772487
21 4.5 9847690
21 3.0 11422358
21 3.0 47340643
21 4.5 50431349
21 5.5 4405057
21 2.6666666666666665 63331303
21 12.0 64120538
21 1.6 44821050
21 1.75 30443272
21 1.5 42411986
21 4.5 11600887
21 2.25 63600025
21 2.3333333333333335 42667469
21 3.3333333333333335 45719285
21 3.0 24018259
21 1.75 61544608
21 2.3333333333333335 30509351
21 2.6666666666666665 51778077
21 4.0 33217623
21 5.5 50463519
21 5.0 6962376
21 2.6666666666666665 30947168
21 3.0 47333326
21 6.0 52738652
21 5.0 37246767
21 3.3333333333333335 2855709
21 3.0 26364114
21 3.0 9826201
21 6.0 45729098
21 5.0 42512406
21 4.0 22272063
21 2.6666666666666665 23975795
21 2.25 42472849
21 2.6666666666666665 32959188
21 12.0 61293788
21 3.3333333333333335 30757447
21 5.0 63025972
21 1.2 11601310
21 5.5 14314208
21 2.3333333333333335 15094625
21 1.75 47201599
21 1.75 22051513
21 5.5 61680532
21 5.0 20889614
21 0.8 11539842
21 6.5 55548754
21 1.75 5786562
21 3.3333333333333335 4504850
21 5.0 64114437
21 4.5 31430148
21 3.3333333333333335 8295417
21 1.0 51036640
21 2.0 21996207
21 3.6666666666666665 50601737
21 2.25 2951935
21 4.0 20665719
21 3.0 21781949
21 3.3333333333333335 61429368
21 4.0 61281474
21 1.5 51028881
21 3.0 61674383
21 2.0 44858246
21 5.0 67263251
21 3.0 28225502
21 2.6666666666666665 51166335
21 1.2 47247333
21 2.0 44790214
21 2.6666666666666665 20912462
21 2.6666666666666665 58510171
21 4.5 27367622
21 1.0 14948855
21 1.2 30338983
21 3.0 53310059
21 3.3333333333333335 58289569
21 2.75 49153267
21 3.0 27902383
21 5.5 30688905
21 1.4 9419563
21 5.5 63500299
21 2.5 2979099
21 1.75 9476031
21 1.75 37224109
21 3.3333333333333335 14441735
22 3.6666666666666665 61343083
22 4.5 53193652
22 1.75 59367969
22 2.0 42537055
22 2.0 6898367
22 2.3333333333333335 65051118
22 1.4 7105617
22 2.6666666666666665 6921505
22 1.75 6705040
22 3.0 45317157
22 0.8 11532171
22 3.3333333333333335 47308902
22 5.5 61670186
22 1.75 28022595
22 2.5 61297203
22 3.3333333333333335 56724980
22 5.0 63803807
22 2.25 18391589
22 4.0 65260827
22 5.5 63807622
22 4.5 10021520
22 3.3333333333333335 55431170
22 2.6666666666666665 30902043
22 2.0 54558036
22 3.0 18495400
22 2.3333333333333335 65268379
22 3.0 23914262
22 3.0 42720431
22 3.0 9782980
22 2.6666666666666665 30443265
22 4.5 45786568
22 3.0 20987603
22 3.3333333333333335 63853655
22 11.0 59461691
22 5.0 61728872
22 5.5 21970103
22 3.0 41139111
22 2.0 47162352
22 1.75 33295108
22 3.3333333333333335 28044165
22 3.3333333333333335 18570353
22 4.5 20827115
22 13.0 63468364
22 2.6666666666666665 64049995
22 3.0 54619862
22 3.3333333333333335 44533669
22 1.75 50835542
22 2.6666666666666665 27423740
22 2.0 51787659
22 5.0 63505943
22 5.5 52788163
22 4.5 31003066
22 4.0 31034650
22 5.0 14314687
22 3.0 25183384
22 2.6666666666666665 9766113
22 2.6666666666666665 31024249
22 3.6666666666666665 51734719
22 2.6666666666666665 47201775
22 2.3333333333333335 61671766
22 3.0 20635989
22 5.0 20816695
22 4.0 37267198
22 5.0 46368237
22 5.0 43349285
22 12.0 20768136
22 4.5 65161445
22 3.0 63558552
22 3.3333333333333335 30359984
22 1.75 20866837
22 5.5 63138514
22 4.0 31005665
22 5.0 61506806
22 2.6666666666666665 5195331
22 3.3333333333333335 63407099
22 1.75 11608648
22 6.0 61497381
22 3.0 37613095
22 1.75 9751205
22 2.6666666666666665 21785818
22 3.6666666666666665 2957680
22 2.0 49087624
22 5.0 27802249
22 2.5 51781617
22 1.0 2950575
22 3.3333333333333335 58606402
22 4.0 9808215
22 1.75 11414031
22 3.0 31026675
22 2.25 49327358
22 2.25 20808155
22 1.75 4594152
22 4.5 37231889
22 2.25 47289886
22 1.75 14286386
22 10.0 66029029
22 4.0 51166476
22 13.0 59455165
22 3.6666666666666665 44780850
23 4.5 30760912
23 5.5 50949683
23 5.5 63849507
23 2.6666666666666665 46379179
23 1.6 44812117
23 3.3333333333333335 13726447
23 3.3333333333333335 50911646
23 2.0 9920985
23 2.6666666666666665 11466153
23 3.3333333333333335 21815184
23 11.0 50869251
23 4.5 33735508
23 1.75 61655916
23 11.0 49386204
23 2.0 12848008
23 3.6666666666666665 54543530
23 5.5 30506551
23 3.3333333333333335 50753204
23 1.75 37142829
23 3.3333333333333335 56797328
23 3.0 9758894
23 12.0 63524464
23 4.5 50872948
23 3.0 49108497
23 1.25 11635673
23 2.6666666666666665 18664828
23 3.6666666666666665 21030082
23 2.0 11413173
23 3.6666666666666665 49156611
23 2.0 20635988
23 3.0 45772759
23 13.0 50651520
23 3.3333333333333335 50949705
23 3.0 51778003
23 5.0 9758674
23 2.0 31026674
23 3.0 61515978
23 4.5 46180067
23 6.5 45306091
23 5.0 56685233
23 1.5 23977374
23 10.0 20827102
23 5.0 51774566
23 12.0 45777318
23 2.0 59517684
23 12.0 30765415
23 3.3333333333333335 56724851
23 3.0 13736871
23 3.3333333333333335 31026549
23 2.6666666666666665 30729423
23 4.5 33211847
23 3.0 51825312
23 13.0 23883027
23 5.5 56805238
23 3.0 48083424
23 4.5 64033688
23 11.0 67392418
23 12.0 27869204
23 2.6666666666666665 33198483
23 5.0 18510098
23 5.0 51144429
23 4.5 57878512
23 2.25 47221539
23 2.0 31133713
23 2.3333333333333335 9990287
23 3.0 49255595
23 2.6666666666666665 21994318
23 13.0 56617934
23 1.75 52864770
23 12.0 20865229
23 3.3333333333333335 5186676
23 1.75 49256018
23 5.0 14353261
23 5.5 31138968
23 3.0 63853519
23 1.2 49234992
23 4.5 61671768
23 3.3333333333333335 21030804
23 4.5 64558769
23 5.0 47210868
23 1.0 11532172
23 1.4 14998464
23 1.75 31003410
23 2.0 7082225
23 3.0 59557467
23 5.0 50886151
23 2.25 10003961
23 3.0 49240469
23 1.5 31115249
23 5.5 65131223
23 1.75 21780677
23 3.0 49359716
23 2.6666666666666665 63180423
23 10.0 63779840
23 4.5 20867522
23 2.0 33257509
23 2.6666666666666665 54770101
23 5.0 67312107
23 10.0 63869611
23 4.5 46385195
24 3.0 9778891
24 4.5 61687012
24 2.0 9781873
24 5.5 47209032
24 2.6666666666666665 11621398
24 2.6666666666666665 14448618
24 5.0 45855093
24 5.0 27367278
24 3.3333333333333335 45242390
24 1.4 51820822
24 2.25 63095192
24 6.0 54698915
24 2.6666666666666665 11453534
24 3.0 20865712
24 2.0 12901882
24 2.0 8311973
24 2.3333333333333335 36604505
24 3.0 20891263
24 2.0 18597854
24 3.0 33370770
24 5.5 63205338
24 1.4 9405079
24 5.5 61497721
24 3.5 68386943
24 2.0 47218229
24 5.0 30280688
24 5.0 50443574
24 5.5 31027554
24 5.0 50851818
24 2.6666666666666665 48960289
24 1.75 33363870
24 3.0 30902605
24 1.75 9751381
24 2.6666666666666665 22051637
24 4.5 23869539
24 2.6666666666666665 9842022
24 5.5 27848914
24 3.3333333333333335 13729398
24 3.3333333333333335 50644116
24 3.3333333333333335 65127173
24 6.0 53236560
24 2.25 18531933
24 3.3333333333333335 63596618
24 3.3333333333333335 6703279
24 3.0 31024254
24 2.0 8213953
24 2.25 6936575
24 5.5 12851841
24 11.0 50662694
24 5.0 3322466
24 9.0 31078796
24 0.6 30336428
24 5.5 63820848
24 3.3333333333333335 63582692
24 5.5 27365527
24 2.0 36715073
24 3.3333333333333335 49200536
24 5.0 27801815
24 5.0 63812038
24 3.3333333333333335 23901187
24 12.0 61485402
24 3.0 49344516
24 5.0 12796023
24 4.5 44538511
24 5.5 61490633
24 4.5 6971072
24 5.0 50832953
24 2.6666666666666665 37193757
24 12.0 53304631
24 3.0 7479597
24 2.6666666666666665 30446294
24 11.0 19836691
24 4.5 45009050
24 3.3333333333333335 53277878
24 1.6 6880158
24 2.6666666666666665 9977782
24 12.0 19837265
24 5.0 37232760
24 2.25 20911289
24 3.3333333333333335 63117220
24 3.3333333333333335 50751754
24 11.0 49081627
24 3.3333333333333335 50833024
24 2.0 31136059
24 3.0 49404669
24 2.6666666666666665 42484972
24 2.25 52831765
24 5.0 57917190
24 1.75 9679758
24 5.0 27669715
24 1.75 11705929
24 3.0 9710121
24 1.2 11598429
24 2.6666666666666665 28009156
24 3.3333333333333335 20856811
24 2.0 64205583
24 3.0 49208946
24 3.3333333333333335 31138589
25 1.75 50462541
25 2.0 49401711
25 12.0 20879893
25 3.0 4412507
25 5.0 37232730
25 2.6666666666666665 9999144
25 2.6666666666666665 9772106
25 3.0 8248025
25 5.5 63801147
25 3.3333333333333335 63452180
25 12.0 63834706
25 1.5 6898524
25 2.6666666666666665 30888967
25 5.5 61411709
25 3.0 50428778
25 2.6666666666666665 31381424
25 2.6666666666666665 50607464
25 5.5 63205423
25 5.5 49215002
25 4.5 5118218
25 13.0 61518701
25 3.3333333333333335 58283328
25 1.75 15169518
25 2.5 49417878
25 3.0 51129813
25 1.6 18563767
25 5.5 63849598
25 3.6666666666666665 14337861
25 5.0 61861030
25 5.0 58235627
25 3.0 23950171
25 5.5 20879627
25 2.25 50832816
25 3.0 59423195
25 3.0 53299692
25 3.3333333333333335 44783907
25 6.0 63369042
25 3.0 50676206
25 2.0 9839840
25 3.6666666666666665 59415322
25 1.6 51788595
25 1.5 50461927
25 12.0 10008829
25 2.0 14410583
25 3.0 51825248
25 1.75 11599372
25 5.5 61559476
25 5.5 30698086
25 12.0 31033203
25 5.0 49240470
25 2.0 2962934
25 3.3333333333333335 56776476
25 5.0 37225168
25 3.0 44532896
25 1.75 11627559
25 4.5 22065259
25 2.6666666666666665 12825167
25 2.25 47333195
25 2.25 30889688
25 3.3333333333333335 14335743
25 5.5 56956615
25 3.0 45843934
25 5.0 8220243
25 2.0 49206749
25 3.0 20896518
25 12.0 18457353
25 6.0 44989294
25 3.0 18649048
25 2.5 14318766
25 3.3333333333333335 59557451
25 2.6666666666666665 11633538
25 3.3333333333333335 13766065
25 2.6666666666666665 37213652
25 12.0 49080056
25 5.5 52729744
25 10.0 20827100
25 11.0 50671624
25 1.6 51787141
25 3.0 63089086
25 9.0 61513450
25 3.3333333333333335 4393356
25 5.5 22043262
25 3.0 4402686
25 1.2 11596225
25 5.0 67217636
25 12.0 13809914
25 2.0 5221030
25 2.0 51028540
25 4.0 65173612
25 5.0 61315721
25 2.6666666666666665 63263221
25 3.3333333333333335 53329950
25 2.6666666666666665 59549107
25 12.0 63864755
25 2.25 63374433
25 2.0 14532144
25 5.5 63136638
26 12.0 61755357
26 1.75 59416330
26 2.25 45014505
26 12.0 61738543
26 6.0 63822360
26 3.6666666666666665 14329874
26 2.0 50742317
26 2.25 6950619
26 3.0 14335078
26 5.0 15055632
26 3.0 9772105
26 11.0 61519755
26 1.5 42667259
26 3.6666666666666665 31026865
26 2.6666666666666665 67379721
26 2.0 22046448
26 2.0 14403876
26 2.0 14317184
26 3.0 46287094
26 2.0 20808164
26 5.0 61657581
26 4.5 67267717
26 2.6666666666666665 67193559
26 5.5 20638857
26 11.0 31078161
26 4.5 61415015
26 11.0 64539536
26 3.3333333333333335 22092128
26 2.0 9439052
26 2.25 4511571
26 5.5 64103845
26 5.0 20821642
26 3.0 28022101
26 2.0 4307318
26 11.0 31058388
26 11.0 64147892
26 3.3333333333333335 44815540
26 2.0 20814710
26 1.6 14285740
26 11.0 27617588
26 3.3333333333333335 13728955
26 1.25 63189591
26 3.0 58159999
26 1.75 33192694
26 13.0 59433170
26 1.75 50831914
26 1.75 11241412
26 12.0 61313975
26 3.0 23924290
26 4.5 50888999
26 4.5 4495301
26 12.0 21059930
26 5.5 23883152
26 1.5 11225692
26 3.3333333333333335 20731676
26 1.2 50738939
26 2.25 51480512
26 10.0 21924602
26 2.25 44853955
26 3.0 31032085
26 3.3333333333333335 20915877
26 1.25 30358378
26 1.2 51819270
26 2.6666666666666665 9772431
26 3.0 31355140
26 4.5 59571922
26 3.0 8252570
26 5.0 27609533
26 11.0 51133532
26 1.2 7001596
26 1.0 11528901
26 5.5 61499920
26 5.0 49434575
26 4.5 31005735
26 3.0 28009155
26 2.6666666666666665 47350543
26 1.4 11669227
26 5.0 67301114
26 4.5 22066498
26 5.0 3324630
26 8.0 67405885
26 2.0 5034351
26 5.5 30893390
26 5.0 11622109
26 5.5 61754831
26 3.3333333333333335 51771356
26 2.0 2952601
26 4.5 51129962
26 3.0 31026608
26 5.5 31139298
26 1.2 50826514
26 13.0 49078485
26 5.0 20736180
26 5.0 37252263
26 1.4 14367884
26 2.25 18524965
26 2.6666666666666665 50420033
26 1.4 62936209
26 4.5 50674121
26 2.0 23853953
27 3.3333333333333335 45004336
27 3.3333333333333335 15163376
27 4.5 56690644
27 5.5 30446114
27 5.5 55702906
27 5.0 22002553
27 2.0 50928513
27 1.5 63122048
27 4.5 30791492
27 3.0 22070939
27 2.3333333333333335 51177355
27 2.0 11254240
27 3.3333333333333335 63132598
27 3.6666666666666665 45360120
27 6.0 50596062
27 3.6666666666666665 49342766
27 5.5 31029835
27 4.5 67218532
27 5.5 9756993
27 3.3333333333333335 49085673
27 5.5 30759936
27 2.5 54097634
27 5.0 49239954
27 10.0 31055710
27 2.25 62962260
27 5.5 49222784
27 5.5 67195668
27 1.75 11703468
27 3.0 63937336
27 2.6666666666666665 33192695
27 5.0 18547747
27 5.5 63749180
27 3.3333333333333335 49342984
27 2.6666666666666665 22000499
27 2.6666666666666665 50846696
27 4.0 67405931
27 12.0 61597243
27 4.5 46246277
27 3.0 59547134
27 2.3333333333333335 63066591
27 3.0 54665888
27 3.0 50928514
27 2.0 9757140
27 5.0 48122543
27 2.0 49087563
27 2.6666666666666665 11404161
27 3.0 30441847
27 5.0 51107977
27 3.3333333333333335 20635265
27 3.0 53281056
27 2.6666666666666665 30458635
27 2.5 44812570
27 5.0 9731720
27 3.3333333333333335 54664761
27 3.3333333333333335 20868769
27 2.6666666666666665 59444035
27 2.5 45014375
27 1.4 49203864
27 11.0 31058390
27 4.5 22066459
27 2.3333333333333335 63180445
27 12.0 61485436
27 6.5 54664014
27 3.0 44815545
27 2.25 45241865
27 2.6666666666666665 11453575
27 1.75 9778028
27 1.5 63066586
27 5.0 27911494
27 1.25 30366947
27 1.5 50438109
27 3.0 30944936
27 3.3333333333333335 63658303
27 1.4 7098042
27 3.0 4412532
27 2.0 24078382
27 2.6666666666666665 30709130
27 5.5 20864973
27 2.0 4316823
27 4.5 63980680
27 2.6666666666666665 30688944
27 3.3333333333333335 31139297
27 4.5 61691430
27 5.0 64121995
27 3.3333333333333335 49206664
27 11.0 63864738
27 2.6666666666666665 65255788
27 5.0 9778689
27 2.0 44826520
27 3.3333333333333335 44533671
27 3.0 46173268
27 11.0 56954990
27 2.3333333333333335 65133224
27 2.3333333333333335 63058804
27 1.5 50380919
27 3.0 22002274
27 2.6666666666666665 24074452
27 5.0 9777257
27 2.6666666666666665 22051686
27 4.5 30760902
28 5.0 67390656
28 11.0 21922204
28 2.25 52329904
28 4.5 24103644
28 1.6 52036161
28 13.0 54991319
28 5.0 50889916
28 3.0 46301368
28 3.3333333333333335 20876125
28 11.0 63611464
28 5.5 21952271
28 3.0 5113074
28 12.0 64121314
28 3.6666666666666665 49396354
28 2.3333333333333335 7139033
28 11.0 61507962
28 2.0 11241409
28 4.5 30804637
28 2.3333333333333335 5034348
28 5.0 9791200
28 5.5 31136391
28 2.0 49155656
28 6.0 55584129
28 5.0 37200569
28 3.3333333333333335 11620384
28 2.0 45786543
28 12.0 61745165
28 2.25 20860472
28 3.0 49166452
28 4.0 63999604
28 1.75 9757228
28 1.75 9691737
28 1.75 64211492
28 5.5 46236326
28 2.6666666666666665 67206529
28 2.0 14376934
28 11.0 49240342
28 4.0 67405971
28 1.4 21780665
28 5.0 49228606
28 3.0 20865710
28 5.0 27923851
28 13.0 56721825
28 5.0 61509453
28 2.0 47231201
28 2.6666666666666665 5122736
28 2.25 50909159
28 3.0 50697114
28 4.0 63999526
28 6.0 54639411
28 3.0 63212740
28 3.0 21945609
28 2.6666666666666665 27367137
28 3.3333333333333335 58231879
28 1.4 12825162
28 3.0 61667870
28 2.0 47194070
28 3.0 22065222
28 4.5 22076450
28 2.25 49342044
28 6.0 55702900
28 3.3333333333333335 18520831
28 2.25 4512192
28 2.25 11606980
28 1.75 47962690
28 3.3333333333333335 45792344
28 2.0 50866904
28 2.0 31138268
28 2.0 30452428
28 2.6666666666666665 63113715
28 3.3333333333333335 46287090
28 12.0 4479856
28 3.0 37200185
28 5.5 51455971
28 12.0 27611894
28 3.0 23858073
28 5.5 50431489
28 5.5 49097973
28 3.0 9690911
28 2.0 20865709
28 1.25 30350859
28 1.75 11398682
28 2.6666666666666665 49207177
28 3.0 51139839
28 3.0 50753543
28 2.6666666666666665 24103643
28 2.3333333333333335 22103294
28 3.0 45779175
28 2.3333333333333335 42674041
28 3.0 67195666
28 3.3333333333333335 20875663
28 1.75 30993923
28 3.0 18556896
28 1.4 23844925
28 12.0 20768981
28 3.0 27337123
28 3.0 9759071
28 2.6666666666666665 50477645
28 6.0 55700435
28 2.6666666666666665 63058803
29 2.6666666666666665 51758293
29 2.6666666666666665 7139032
29 12.0 61562243
29 6.0 56917404
29 3.3333333333333335 9765247
29 5.0 47237624
29 5.5 63942467
29 4.0 11651613
29 3.3333333333333335 50839981
29 5.5 27585959
29 3.0 20817266
29 1.0 11298657
29 5.0 63607087
29 4.0 47350561
29 3.6666666666666665 52737882
29 2.6666666666666665 36641925
29 11.0 63745344
29 11.0 49228607
29 2.0 2925358
29 6.0 20762763
29 2.3333333333333335 11457535
29 5.5 11618811
29 12.0 63150470
29 5.5 20879862
29 3.0 20866073
29 2.6666666666666665 63025952
29 2.0 11223172
29 3.3333333333333335 47227957
29 5.5 61503966
29 3.3333333333333335 20864586
29 5.0 68376815
29 5.0 9649840
29 1.4 9771396
29 2.25 6929542
29 5.0 47231034
29 5.0 63954608
29 5.5 3878418
29 12.0 31033649
29 3.3333333333333335 20724087
29 5.5 30777357
29 2.6666666666666665 58311872
29 2.25 9690814
29 2.25 24062651
29 3.0 12398999
29 1.2 9757755
29 11.0 56592139
29 3.0 50474578
29 3.6666666666666665 45004334
29 10.0 67405973
29 2.6666666666666665 37570562
29 11.0 46246272
29 2.3333333333333335 63163465
29 2.6666666666666665 27423773
29 3.3333333333333335 63937335
29 3.6666666666666665 14449279
29 5.0 57928574
29 3.3333333333333335 4478112
29 5.0 31055704
29 2.0 11679926
29 5.0 61506681
29 2.0 50643978
29 1.6666666666666667 11715810
29 1.6 62955192
29 5.0 4317886
29 2.6666666666666665 56798170
29 10.0 61694032
29 2.6666666666666665 63224133
29 1.2 63066584
29 5.5 52002387
29 4.5 67399091
29 3.0 4315228
29 4.5 63501840
29 5.5 51129960
29 2.0 49086701
29 2.0 31171780
29 11.0 49421413
29 4.5 68377071
29 2.6666666666666665 63865365
29 4.0 11651684
29 5.0 9784434
29 1.75 65127494
29 1.2 63189588
29 4.5 10019962
29 3.3333333333333335 50822204
29 5.0 63732763
29 2.3333333333333335 63029005
29 2.0 11227670
29 3.3333333333333335 30695193
29 1.5 33137018
29 5.5 63609498
29 11.0 59455173
29 2.0 18636973
29 5.5 20819100
29 13.0 31142454
29 3.0 47962233
29 5.0 37213758
29 5.0 20821854
29 3.6666666666666665 63573547
29 1.6 63278816
30 5.0 45786546
30 5.0 49405144
30 2.6666666666666665 62940977
30 5.0 63448797
30 11.0 61687242
30 1.4 50830015
30 11.0 4403887
30 1.75 47197234
30 5.0 58321061
30 3.0 9577635
30 5.0 18498557
30 4.5 49449770
30 10.0 49449773
30 4.5 11635902
30 5.5 61553487
30 3.0 65130044
30 12.0 27960965
30 3.0 54641676
30 3.0 46191799
30 3.0 11599103
30 3.3333333333333335 52782126
30 3.0 47347781
30 12.0 61559477
30 6.0 45305248
30 6.0 20864972
30 5.5 61738541
30 10.0 59574699
30 3.6666666666666665 20878247
30 2.0 12825165
30 4.5 45683170
30 3.0 58311298
30 3.0 63961489
30 3.3333333333333335 47333193
30 2.0 50846679
30 5.0 11462620
30 2.3333333333333335 65154912
30 1.75 63020889
30 3.0 22062783
30 1.2 6881107
30 2.0 50750925
30 5.0 63836272
30 2.0 62944813
30 6.0 51455966
30 2.3333333333333335 15175931
30 4.5 49449706
30 3.3333333333333335 9747855
30 3.3333333333333335 58231408
30 3.0 49444318
30 12.0 63745342
30 6.0 20725524
30 5.0 9563108
30 5.0 49446994
30 12.0 56589055
30 2.0 51118557
30 3.0 46290584
30 4.0 9630544
30 5.5 49218145
30 12.0 56592138
30 6.0 20768216
30 12.0 49193185
30 3.0 49412101
30 5.0 63401831
30 3.0 14347693
30 1.75 47320172
30 5.5 49396551
30 3.0 51118559
30 3.0 49157723
30 5.5 45307386
30 2.0 63058797
30 5.5 61678805
30 3.0 47324987
30 2.0 54636560
30 4.0 9806466
30 2.25 50847415
30 1.2 49207843
30 12.0 45312337
30 2.0 63033477
30 11.0 3882163
30 3.3333333333333335 23894154
30 3.0 54767901
30 4.5 61694120
30 2.0 49203855
30 1.75 50919789
30 1.5 15121695
30 3.0 50846156
30 3.3333333333333335 50837075
30 3.3333333333333335 49169974
30 5.5 28301833
30 12.0 61312197
30 2.6666666666666665 50921063
30 3.3333333333333335 53248049
30 5.5 56684672
30 3.3333333333333335 63704999
30 3.0 47324984
30 2.0 11715342
30 6.0 45363119
30 3.0 63058802
30 3.6666666666666665 18565498
30 3.0 4318449
31 3.3333333333333335 27583737
31 3.0 50833032
31 5.0 20638655
31 1.75 63022415
31 5.0 58239976
31 2.6666666666666665 51758107
31 4.0 50671661
31 3.3333333333333335 20821842
31 5.5 63730360
31 5.0 46246255
31 1.4 49203853
31 2.6666666666666665 11635286
31 3.0 4313660
31 2.25 58231407
31 1.0 9750456
31 3.3333333333333335 4315222
31 10.0 50889921
31 2.6666666666666665 22052322
31 2.25 51769290
31 3.3333333333333335 3870345
31 5.0 61687240
31 2.25 47218193
31 2.3333333333333335 11712708
31 6.0 52305908
31 2.3333333333333335 30394672
31 12.0 20736229
31 3.0 45772872
31 2.6666666666666665 63214530
31 5.5 27960964
31 2.25 44811095
31 3.6666666666666665 20723492
31 3.3333333333333335 45781767
31 5.5 63862862
31 9.0 65173812
31 13.0 54676276
31 4.5 37232733
31 5.5 63849462
31 3.3333333333333335 45781787
31 1.0 49203208
31 4.5 50869589
31 3.0 63789014
31 13.0 63864756
31 2.3333333333333335 11462536
31 3.0 11456221
31 3.0 9627220
31 4.5 3856459
31 5.5 30780399
31 11.0 59566575
31 5.0 47342439
31 4.0 33227318
31 5.5 45777321
31 3.6666666666666665 20875580
31 3.0 62940148
31 3.3333333333333335 47339657
31 3.0 20636196
31 4.5 11620777
31 3.0 49427542
31 5.5 47231033
31 5.5 63446872
31 2.6666666666666665 50444125
31 1.4 63040472
31 2.6666666666666665 11484345
31 3.0 9723518
31 5.5 45781769
31 1.75 63122049
31 4.0 11457591
31 11.0 58035359
31 2.6666666666666665 11453316
31 5.5 45781788
31 2.25 30441837
31 4.0 23936018
31 3.3333333333333335 9559264
31 2.25 49401495
31 3.0 47342427
31 5.5 61684638
31 4.5 50889915
31 5.5 4479855
31 6.0 49185855
31 3.0 49064430
31 2.6666666666666665 63122052
31 5.0 59566566
31 1.6 50751394
31 12.0 20865223
31 5.5 9785769
31 3.0 4322383
31 9.0 65173808
31 13.0 56738395
31 5.0 22065862
31 5.5 22065216
31 3.0 54767825
31 2.25 20875627
31 2.6666666666666665 47335691
31 1.75 50754168
31 12.0 57915928
31 12.0 3878419
31 2.0 51754208
31 4.5 9791561
31 2.5 44811093
31 2.6666666666666665 50762526
31 2.0 63040473
32 3.3333333333333335 49410997
32 5.0 14451999
32 5.0 14342119
32 2.0 50592610
32 3.0 15060919
32 12.0 46242971
32 3.0 47335690
32 1.25 11298912
32 2.0 50839710
32 13.0 56589054
32 5.0 67271326
32 4.0 11462885
32 2.6666666666666665 30303498
32 5.5 20876447
32 3.0 45772848
32 3.3333333333333335 22042164
32 4.5 9624530
32 2.0 50845703
32 3.6666666666666665 54690806
32 3.3333333333333335 49217602
32 5.0 4321506
32 3.0 15053765
32 6.0 63849508
32 3.0 63801145
32 3.0 10019956
32 6.0 20879240
32 3.0 46238084
32 3.0 46248929
32 2.0 50919787
32 12.0 58234189
32 5.5 63120126
32 12.0 9791149
32 2.0 50753033
32 3.3333333333333335 47225825
32 2.0 9565856
32 2.6666666666666665 11444021
32 3.3333333333333335 64235857
32 2.3333333333333335 11476220
32 3.0 3850126
32 3.0 44809910
32 5.0 20866341
32 3.0 63865366
32 3.3333333333333335 54736400
32 6.0 61678803
32 2.0 63020888
32 12.0 56684684
32 2.3333333333333335 30288399
32 11.0 20827099
32 2.25 3317687
32 3.3333333333333335 63723977
32 5.0 5111903
32 2.25 51753940
32 2.5 56737221
32 3.0 50644109
32 2.0 9410203
32 13.0 45309001
32 3.6666666666666665 20836700
32 13.0 61553558
32 2.6666666666666665 11710259
32 3.3333333333333335 4318446
32 5.5 4479834
32 2.6666666666666665 18501808
32 5.0 45679863
32 3.0 11620775
32 3.6666666666666665 47333191
32 3.3333333333333335 62962680
32 12.0 50661005
32 6.0 18534489
32 1.75 49203857
32 4.5 63472108
32 5.5 45774468
32 3.3333333333333335 22060654
32 5.0 3854668
32 12.0 63737907
32 6.0 45308980
32 5.5 63448907
32 3.0 20641594
32 2.0 62942243
32 3.3333333333333335 47324983
32 3.0 27350626
32 11.0 59574698
32 5.5 45777301
32 5.5 56779044
32 3.0 63122051
32 1.4 47191504
32 3.0 14444975
32 2.0 51768123
32 3.0 50832676
32 3.6666666666666665 18520828
32 3.0 27592582
32 2.6666666666666665 30288184
32 1.75 20661913
32 3.3333333333333335 22061597
32 2.6666666666666665 20661914
32 2.0 50750635
32 10.0 65173807
32 2.3333333333333335 11481385
32 1.6 51768173
32 5.5 44990243
32 3.3333333333333335 49157721
33 1.6 51768184
33 2.6666666666666665 20943884
33 1.4 47218914
33 2.0 51754022
33 3.3333333333333335 49201085
33 4.5 63623451
33 2.25 45772844
33 3.0 11709977
33 5.0 9442895
33 3.3333333333333335 50759827
33 10.0 49240498
33 2.6666666666666665 30394671
33 12.0 20821846
33 2.0 18487176
33 6.0 49419566
33 2.25 51768186
33 3.3333333333333335 11616553
33 3.0 5110248
33 5.5 58023078
33 2.0 47218917
33 3.0 48990464
33 2.6666666666666665 15065559
33 10.0 49230787
33 13.0 20877340
33 5.0 20821819
33 1.75 44856118
33 3.3333333333333335 22065213
33 1.75 44856114
33 3.0 30444987
33 2.6666666666666665 21812985
33 10.0 61512417
33 1.2 9751308
33 3.0 58214839
33 3.0 15065186
33 3.3333333333333335 48039813
33 3.0 14352117
33 5.0 50869590
33 2.0 27350625
33 1.6666666666666667 31078539
33 5.0 9601434
33 3.0 51137561
33 3.0 50431481
33 1.75 67206732
33 3.3333333333333335 51756823
33 3.3333333333333335 22062421
33 2.6666666666666665 30283196
33 3.3333333333333335 14340276
33 3.6666666666666665 54771816
33 4.5 50671660
33 10.0 65167221
33 3.3333333333333335 54767823
33 5.0 50822212
33 2.25 47194054
33 2.6666666666666665 30299732
33 1.75 51820765
33 2.3333333333333335 6971410
33 1.4 50750390
33 2.6666666666666665 23936016
33 2.6666666666666665 31002731
33 5.0 63585820
33 1.75 51820761
33 1.75 9691011
33 5.0 50869971
33 5.0 63585741
33 4.5 63623373
33 3.0 11589548
33 2.6666666666666665 31162158
33 3.0 30446014
33 5.5 20808369
33 3.3333333333333335 50918917
33 3.3333333333333335 63789012
33 11.0 31055705
33 12.0 58031178
33 3.0 50839961
33 2.6666666666666665 50644076
33 5.0 50851732
33 2.0 51822421
33 3.3333333333333335 45772846
33 10.0 67218691
33 2.6666666666666665 67218735
33 5.5 22062422
33 11.0 50889917
33 3.0 31106099
33 3.3333333333333335 30282939
33 13.0 58063111
33 12.0 21945155
33 2.6666666666666665 56806068
33 3.6666666666666665 20874678
33 11.0 50869591
33 10.0 61512327
33 3.0 50870086
33 2.25 62936547
33 3.0 50431487
33 2.25 49155532
33 4.5 67224264
33 4.5 67224174
33 5.5 57920300
33 5.0 5111888
33 1.75 47246094
33 3.0 63843460
34 5.5 45732545
34 4.5 47237822
34 2.3333333333333335 15056615
34 11.0 49240497
34 2.6666666666666665 6971407
34 10.0 59461961
34 4.5 9791634
34 10.0 49228361
34 3.0 21809045
34 6.0 63791386
34 6.0 20876446
34 11.0 67218780
34 13.0 9768363
34 3.0 9742927
34 11.0 65173806
34 2.6666666666666665 58321897
34 12.0 27681344
34 4.5 61680789
34 3.3333333333333335 9719895
34 6.0 20876117
34 5.0 65167207
34 3.6666666666666665 20876445
34 2.3333333333333335 61670522
34 5.5 56727619
34 5.0 9765423
34 3.0 30390571
34 5.0 67206686
34 5.0 49240494
34 5.0 27790627
34 4.5 23936019
34 4.0 61687292
34 3.3333333333333335 14351567
34 2.6666666666666665 63145086
34 3.3333333333333335 63213975
34 3.0 67206734
34 12.0 50851825
34 3.6666666666666665 4402188
34 3.0 14351940
34 3.3333333333333335 63801055
34 5.5 45302874
34 6.0 56776796
34 11.0 63623453
34 11.0 61512416
34 3.3333333333333335 45775859
34 3.0 27768223
34 3.0 30267778
34 4.5 9791630
34 3.3333333333333335 20635982
34 2.6666666666666665 11431761
34 1.5 11298909
34 2.3333333333333335 63754776
34 5.0 44991284
34 1.75 63213913
34 1.75 5027273
34 2.0 31078536
34 2.25 51756821
34 12.0 45732546
34 3.6666666666666665 49156956
34 1.4 9751078
34 6.0 45777315
34 3.6666666666666665 64193959
34 10.0 59461957
34 2.5 20876805
34 5.0 9793376
34 3.3333333333333335 9742925
34 5.5 46242954
34 1.4 46290581
34 5.5 27790624
34 5.0 63168312
34 3.6666666666666665 20879237
34 2.25 49172199
34 2.6666666666666665 20641806
34 2.6666666666666665 11456190
34 3.3333333333333335 64070609
34 11.0 65167216
34 5.0 4406753
34 11.0 65167219
34 3.0 50833021
34 3.0 22050892
34 5.0 50870087
34 1.75 6971404
34 4.5 50833031
34 3.3333333333333335 52782127
34 3.0 30279510
34 1.75 15049310
34 5.5 45728425
34 3.0 51774554
34 11.0 63731525
34 11.0 61512325
34 2.6666666666666665 63132593
34 3.3333333333333335 4402537
34 5.5 63704886
34 3.0 50826511
34 13.0 27794105
34 5.0 27895781
34 12.0 27794107
34 2.0 47246093
34 2.0 9756879
34 6.0 63820667
34 5.0 67206777
35 3.0 21812982
35 12.0 63611926
35 3.0 14336423
35 5.0 49228357
35 11.0 61506930
35 1.0 549287
35 2.6666666666666665 9611904
35 2.6666666666666665 11608041
35 2.6666666666666665 15887989
35 3.0 54644018
35 4.5 9778729
35 5.5 50851730
35 3.0 12788448
35 2.25 22061594
35 3.3333333333333335 59443055
35 1.2 517418
35 4.5 63525275
35 4.5 11456539
35 4.0 33227316
35 3.3333333333333335 9773494
35 11.0 59461956
35 5.0 47237817
35 3.0 31103398
35 2.0 51820759
35 6.0 45302872
35 6.0 52738007
35 2.0 11272869
35 5.0 59461953
35 5.0 61494837
35 2.6666666666666665 30456914
35 5.5 63585819
35 5.0 63611846
35 5.0 27669655
35 11.0 49230786
35 3.0 9758641
35 3.0 15856120
35 3.6666666666666665 20875619
35 2.0 2952603
35 3.3333333333333335 63789075
35 3.3333333333333335 63818247
35 3.0 47237814
35 4.0 67312246
35 3.0 9623187
35 1.75 51115659
35 2.25 44857815
35 5.0 61512413
35 3.0 47237808
35 5.0 50833030
35 5.0 63153790
35 5.0 49228692
35 3.3333333333333335 9770632
35 2.0 18490141
35 3.0 63585817
35 5.0 49230785
35 5.5 45735330
35 6.0 56679277
35 4.5 9847365
35 5.0 9791631
35 5.5 50822210
35 5.0 63472107
35 2.25 51774550
35 3.0 67375296
35 2.25 51822417
35 5.0 47237820
35 5.0 67218777
35 11.0 49240432
35 3.0 63213919
35 4.5 63708094
35 3.3333333333333335 51774552
35 11.0 59461959
35 5.5 49238135
35 4.5 52795503
35 2.6666666666666665 14343099
35 5.0 61494927
35 3.3333333333333335 4402230
35 3.0 50644075
35 12.0 61730339
35 5.0 50870093
35 5.5 45676745
35 1.6 51788208
35 13.0 63722967
35 5.0 59461947
35 3.6666666666666665 50839732
35 2.0 11272865
35 13.0 63728906
35 3.3333333333333335 54676358
35 5.0 67298784
35 5.0 9791629
35 3.0 9791628
35 3.3333333333333335 49205824
35 2.0 45772847
35 2.0 45772870
35 5.0 4406738
35 5.0 61512323
35 5.0 37200186
35 3.3333333333333335 22062092
35 5.5 44815541
35 5.5 4398263
35 3.3333333333333335 50839959
36 3.0 56806066
36 6.0 61546329
36 5.5 9765422
36 5.5 4403885
36 12.0 61512415
36 3.3333333333333335 49228688
36 4.5 23936017
36 6.0 44990238
36 2.6666666666666665 14423522
36 2.6666666666666665 20641593
36 2.6666666666666665 15053768
36 11.0 59455370
36 3.0 63803712
36 5.5 46238100
36 2.6666666666666665 11443399
36 2.6666666666666665 63449143
36 5.0 67218687
36 3.0 50833027
36 4.0 61694081
36 3.0 15065211
36 5.0 52790752
36 5.0 61680788
36 12.0 49240496
36 4.5 65167200
36 5.0 47231227
36 5.5 61494926
36 12.0 61506929
36 13.0 45732537
36 12.0 67218779
36 5.0 30760751
36 3.6666666666666665 63688664
36 5.0 45683164
36 12.0 65167215
36 3.3333333333333335 45774465
36 5.5 67206776
36 5.0 47231231
36 3.0 11428891
36 5.5 27908887
36 2.25 9770631
36 3.0 67206684
36 4.5 59455350
36 3.0 20862073
36 3.3333333333333335 30981740
36 2.25 9773493
36 5.0 63708092
36 2.5 20875618
36 5.0 56482360
36 5.5 49228690
36 3.3333333333333335 45728409
36 3.3333333333333335 45302877
36 3.3333333333333335 20864916
36 12.0 63731523
36 3.0 49157727
36 5.0 50660985
36 6.0 45774464
36 5.0 63137021
36 1.5 11298907
36 3.3333333333333335 59442361
36 3.3333333333333335 63853627
36 5.5 27894415
36 3.0 67206774
36 5.5 50851813
36 2.25 49205822
36 2.0 31055449
36 5.0 57878510
36 5.5 20865193
36 12.0 61506838
36 12.0 56939392
36 5.5 21032681
36 3.6666666666666665 63713265
36 11.0 59455366
36 6.0 45306093
36 2.6666666666666665 47231211
36 3.3333333333333335 51768043
36 3.3333333333333335 21809042
36 3.6666666666666665 20876116
36 2.0 12786060
36 5.5 50866345
36 3.3333333333333335 45302873
36 2.6666666666666665 63754774
36 2.6666666666666665 65167197
36 2.0 5027192
36 2.6666666666666665 61670521
36 5.5 3826611
36 2.0 4319255
36 5.5 61494835
36 11.0 49228693
36 3.3333333333333335 5110181
36 4.5 61687291
36 3.3333333333333335 3824816
37 1.75 51113255
37 12.0 49228359
37 5.0 21965731
37 2.25 45772845
37 3.3333333333333335 47231223
37 5.5 44990239
37 5.0 50839989
37 5.5 49228358
37 5.0 9847364
37 3.3333333333333335 49181064
37 5.5 59455362
37 2.0 49153553
37 2.6666666666666665 6971405
37 3.0 63449142
37 2.6666666666666665 61687288
37 1.4 51115655
37 1.2 51113253
37 12.0 59461955
37 5.0 21961120
37 3.0 56724971
37 2.25 52782125
37 2.0 51115657
37 2.3333333333333335 37200545
37 3.0 14416174
37 2.3333333333333335 31055446
37 2.3333333333333335 11272866
37 12.0 50870095
37 5.5 50833029
37 3.0 63132591
37 2.0 3317690
37 5.5 61728635
37 2.3333333333333335 61694078
37 2.3333333333333335 21847677
37 5.5 61506926
37 5.5 15165112
37 5.5 20816729
37 5.5 56931856
37 1.75 61670518
37 3.0 9593669
37 5.5 9791148
37 3.3333333333333335 49185856
37 3.0 11443181
37 11.0 20890469
37 3.0 14340279
37 3.3333333333333335 67375294
37 2.25 47218222
37 13.0 61730102
37 12.0 20931219
37 5.5 14450971
37 13.0 61744873
37 2.3333333333333335 21822171
37 3.3333333333333335 54641670
37 2.6666666666666665 11460433
37 12.0 59455368
37 3.3333333333333335 14351592
37 3.3333333333333335 47231217
37 6.0 54664713
37 2.25 54636554
37 12.0 59455365
37 5.5 47231229
37 3.3333333333333335 67385242
37 2.3333333333333335 11272864
37 2.6666666666666665 15065590
37 5.5 47237816
37 4.5 58105403
37 5.5 61586933
37 5.0 4403871
37 5.5 47231226
37 2.3333333333333335 21827569
37 3.0 50832905
37 5.0 9778728
37 5.5 59455356
37 3.0 46238105
37 3.0 11608038
38 3.6666666666666665 49418075
38 3.3333333333333335 30996267
38 3.0 9778727
38 3.3333333333333335 61494923
38 4.5 61600395
38 2.6666666666666665 9847530
38 3.0 47231210
38 2.6666666666666665 59470233
38 5.5 49228689
38 3.0 59455346
38 3.6666666666666665 63713218
38 3.0 30993950
38 5.5 63150049
38 5.5 4403870
38 6.0 61494925
38 3.3333333333333335 49156962
38 2.0 51105895
38 6.0 49226394
38 11.0 49228757
38 1.0 11298906
38 2.3333333333333335 11264754
38 13.0 61506928
38 1.75 51104895
38 2.25 51768041
38 3.0 30456911
38 5.0 61555866
38 6.0 45732529
38 1.75 50832388
38 2.0 30472311
38 5.5 61506836
38 2.25 4319174
38 3.0 49157082
38 1.6 45772843
38 2.25 45772864
38 5.5 45679857
38 3.0 20635981
38 2.3333333333333335 11264758
38 5.0 59455349
38 2.0 12816840
38 3.0 20641592
38 5.0 63449223
38 3.6666666666666665 45302871
38 12.0 49228691
38 3.3333333333333335 61494833
38 3.0 9847363
38 3.3333333333333335 49416576
38 3.6666666666666665 4402163
38 2.0 47231207
38 1.75 14407312
38 3.3333333333333335 54664717
38 6.0 49228754
39 3.3333333333333335 61673393
39 3.0 11454087
39 3.0 14450854
39 13.0 49096378
39 3.6666666666666665 30982920
39 2.6666666666666665 21847676
39 3.0 14351971
39 4.5 54644022
39 12.0 49218149
39 13.0 59455364
39 3.0 49157086
39 5.5 30769644
39 6.0 47231225
39 5.5 61300128
39 3.6666666666666665 49185854
39 1.5 11272863
39 2.6666666666666665 20636195
39 3.0 61670520
39 5.0 9777420
39 1.75 21822169
39 5.5 56473738
39 2.6666666666666665 21827568
39 2.0 20641591
39 4.5 61694080
39 5.0 61687290
39 5.0 65167199
39 5.5 49228753
39 2.6666666666666665 21821957
39 5.5 61680787
39 3.3333333333333335 9591399
39 10.0 27617857
39 5.0 21945607
39 3.3333333333333335 45774467
39 12.0 49228756
39 4.0 61512375
39 12.0 20879887
39 2.6666666666666665 21822170
39 3.6666666666666665 49181062
39 3.0 63132534
39 3.3333333333333335 61663445
39 5.5 50839987
40 5.0 27597669
40 4.0 33217103
40 5.0 15066995
40 1.75 21847675
40 3.0 59470232
40 11.0 56756450
40 1.75 21827567
40 2.6666666666666665 11264753
40 11.0 27612163
40 4.5 61506888
40 6.0 45777299
40 6.0 61553586
40 2.3333333333333335 30472308
40 2.0 51104893
40 2.6666666666666665 11264755
40 3.3333333333333335 20635980
40 4.0 33217107
40 2.3333333333333335 11602820
40 5.5 9777417
40 2.6666666666666665 11602817
40 2.6666666666666665 20661701
40 3.0 30760756
40 2.0 50832386
40 5.5 14353227
40 2.25 51105893
41 5.5 59455348
41 2.3333333333333335 21843047
41 2.6666666666666665 11257028
41 3.3333333333333335 47231209
41 3.3333333333333335 44809904
41 2.6666666666666665 27909246
41 3.6666666666666665 61673391
41 2.3333333333333335 30458983
41 2.6666666666666665 50834883
41 5.0 49207139
41 13.0 49228755
41 3.6666666666666665 45774463
41 2.25 49153549
41 5.0 54641674
41 2.25 20635979
41 4.5 61512374
41 3.0 50832432
41 2.6666666666666665 50832968
41 3.3333333333333335 3320425
41 3.6666666666666665 61663443
41 2.6666666666666665 61494885
41 2.6666666666666665 50832954
41 2.0 49153551
41 2.0 20636193
41 3.0 21821956
41 5.5 52786353
41 5.5 63853628
41 5.0 54644020
41 3.0 20636194
41 13.0 49218148
41 3.0 31002728
42 3.0 50832436
42 2.6666666666666665 21817746
42 3.3333333333333335 64070672
42 2.6666666666666665 22052316
42 5.0 61506887
42 5.0 9777416
42 3.3333333333333335 49157080
42 2.6666666666666665 61512371
42 4.5 33217102
42 1.75 11264752
42 4.5 33217104
42 2.6666666666666665 11600888
42 3.0 11600885
42 2.0 21821955
42 2.6666666666666665 33217101
42 1.75 5027636
42 4.5 23925804
42 3.0 63144475
42 3.3333333333333335 64100714
42 3.0 54636558
42 4.5 23925808
42 3.3333333333333335 52738015
42 13.0 56737570
42 5.0 56728984
42 5.5 49207137
43 3.0 20661700
43 2.6666666666666665 30446288
43 3.0 11257025
43 2.6666666666666665 21843046
43 2.6666666666666665 6961192
43 2.3333333333333335 15057730
43 3.0 50832952
43 5.5 9777415
43 12.0 56744699
43 3.3333333333333335 14410267
43 2.6666666666666665 6961196
43 2.6666666666666665 30458980
43 3.0 61494884
43 2.6666666666666665 20657071
43 3.3333333333333335 50832430
43 5.5 54641672
43 2.0 20661699
44 5.0 23925803
44 1.75 21843045
44 2.0 61494881
44 13.0 63724706
44 3.3333333333333335 9777414
44 5.0 61512373
44 3.0 23925802
44 5.0 23925805
44 3.0 20631770
44 3.0 21817745
44 2.0 4319618
44 3.0 5110524
44 3.3333333333333335 14335940
44 3.3333333333333335 54636556
44 3.0 61506884
45 2.0 6961190
45 3.0 6961191
45 5.0 63502265
45 3.0 6961193
45 3.0 30446285
45 5.5 61506886
45 2.0 21817744
45 3.0 20657070
46 3.3333333333333335 61494883
46 6.0 49218183
46 2.6666666666666665 15054883
46 5.0 9777091
46 3.3333333333333335 20631769
46 5.5 21947438
46 3.3333333333333335 4402506
46 2.0 20657069
46 3.3333333333333335 63803710
47 2.25 20631768
47 4.0 11463675
47 11.0 27617856
47 5.5 21942899
48 4.5 11462623
48 5.5 9777090
48 2.6666666666666665 9759029
49 4.5 11457329
49 5.5 27597668
49 12.0 27612162
49 3.3333333333333335 9777089
50 5.0 11456277
51 3.3333333333333335 63132151
