0 0.4444444444444444 61850910
0 0.4444444444444444 67997462
0 1.4 38176041
0 0.5 40294647
0 1.4 3460224
0 0.7142857142857143 62708674
0 0.5 40417248
0 1.1666666666666667 61708227
0 1.3333333333333333 55737540
0 0.6666666666666666 32855615
1 1.25 50045951
1 1.6 52055653
1 0.8571428571428571 6880277
1 1.6 30767035
1 2.25 18351758
1 5.5 22894384
1 5.0 34246023
1 1.3333333333333333 41569100
1 3.6666666666666665 15614692
1 2.6666666666666665 66050046
2 0.4444444444444444 50889804
2 1.1666666666666667 47080902
2 2.6666666666666665 41442593
2 1.5 2215187
2 1.1428571428571428 48271981
2 0.75 2973228
2 1.8 89354
2 1.4 56294130
2 1.1666666666666667 61479856
2 1.0 25409186
3 0.8333333333333334 4623510
3 1.0 19940948
3 1.1666666666666667 9112235
3 0.5714285714285714 66202870
3 0.625 31092738
3 2.0 23312286
3 2.5 20951588
3 0.7142857142857143 43109268
3 3.3333333333333335 15388839
3 1.4 61388320
4 0.7142857142857143 39773506
4 1.1666666666666667 63259935
4 1.0 27332948
4 3.3333333333333335 55489414
4 2.3333333333333335 1723227
4 1.0 67091925
4 11.0 16012520
4 3.6666666666666665 18948719
4 7.0 6032897
4 2.6666666666666665 10218729
5 1.4 4229971
5 2.6666666666666665 21796170
5 1.5 19976413
5 0.8 36565111
5 3.0 15448804
5 3.5 32925726
5 1.6 17957687
5 0.6666666666666666 49260177
5 1.2 21122712
5 1.2 19039275
6 2.6666666666666665 50339327
6 0.5714285714285714 51197717
6 3.6666666666666665 45266039
6 0.8571428571428571 49337080
6 0.7142857142857143 42167946
6 1.1666666666666667 55518200
6 2.3333333333333335 45121989
6 0.5 31200200
6 2.0 19695472
6 0.8333333333333334 5044342
7 0.8333333333333334 59408574
7 1.1666666666666667 46947428
7 2.25 5636879
7 1.0 6722817
7 1.1428571428571428 49089912
7 10.0 17965959
7 1.5 33108412
7 1.0 53325208
7 2.25 51587218
7 2.3333333333333335 52676148
8 0.8 65467142
8 1.75 32663137
8 2.6666666666666665 4218876
8 0.7142857142857143 42172694
8 1.1428571428571428 61430873
8 1.0 52220602
8 0.7142857142857143 61815491
8 1.4 47943815
8 0.6666666666666666 63334523
8 0.8 51251768
9 1.6 65797900
9 0.625 63327284
9 4.0 14112930
9 3.3333333333333335 2413563
9 1.8 8980319
9 1.6 20779663
9 1.6 23868488
9 2.3333333333333335 13857526
9 0.5 37718484
9 1.4 32541837
10 1.5 49074078
10 1.25 51005778
10 1.0 45010451
10 1.0 29717618
10 4.0 5154572
10 0.625 11691663
10 0.8571428571428571 63449296
10 1.6666666666666667 14933475
10 1.8 58039152
10 0.5714285714285714 21855054
11 0.5714285714285714 50472399
11 2.6666666666666665 14062052
11 1.0 25421724
11 1.2 8257123
11 1.8 54917228
11 0.8 31067101
11 0.375 61892357
11 1.4 30951698
11 3.3333333333333335 22594329
11 3.0 23763228
12 0.5 42510814
12 1.0 45868661
12 0.7142857142857143 55716351
12 1.1666666666666667 11423429
12 2.0 14389978
12 0.625 61829763
12 1.6 8201924
12 2.25 26324362
12 2.6666666666666665 8212096
12 1.25 34706489
13 2.0 18379980
13 2.0 8129813
13 1.5 2967703
13 1.0 4518415
13 2.0 36915086
13 0.7142857142857143 63037305
13 1.4 45844640
13 1.0 4296598
13 0.42857142857142855 41059921
13 1.6 44509614
14 0.4444444444444444 47383817
14 1.3333333333333333 45309820
14 0.8333333333333334 5125736
14 1.2 56773431
14 1.0 30410957
14 2.0 9615297
14 2.0 9729549
14 0.8333333333333334 37194105
14 1.0 26822404
14 1.0 22244723
15 1.0 37606764
15 1.1428571428571428 53997761
15 1.6 54669612
15 1.25 11350856
15 1.1666666666666667 52033792
15 0.3333333333333333 43370772
15 1.1666666666666667 8333969
15 0.25 43465911
15 1.1428571428571428 63367357
15 1.1666666666666667 21012939
16 1.0 9828135
16 3.0 15043339
16 0.375 43393535
16 0.5714285714285714 31106136
16 1.0 51786095
16 1.75 27350631
16 1.4 36597206
16 0.3333333333333333 43410937
16 1.0 25415048
16 1.0 30704190
17 1.1666666666666667 9775356
17 0.6666666666666666 65183322
17 0.6666666666666666 42723736
17 0.6666666666666666 37369493
17 1.0 11681970
17 0.8333333333333334 64071955
17 1.1666666666666667 45254018
17 0.2222222222222222 64357797
17 0.5 63864707
17 1.1666666666666667 58073679
18 1.1666666666666667 61551362
18 0.625 61474668
18 1.5 11576558
18 2.0 4408300
18 0.8333333333333334 9474178
18 0.5 42728516
18 2.6666666666666665 9566144
18 1.0 6888533
18 2.25 2902956
18 1.1666666666666667 56939408
19 0.75 28326010
19 0.5714285714285714 65231642
19 1.5 9740029
19 1.0 63110366
19 1.75 54547963
19 0.7142857142857143 49431644
19 0.5 42537661
19 0.5555555555555556 49281506
19 1.0 11613747
19 0.5714285714285714 51119111
20 1.0 44829832
20 0.5714285714285714 42545663
20 1.4 54648567
20 1.4 21968589
20 1.4 20770563
20 1.5 5222641
20 0.6666666666666666 51121424
20 0.7142857142857143 11660946
20 1.4 52330503
20 2.0 57975202
21 1.5 20826896
21 1.0 52799614
21 1.75 9735884
21 1.2 65146857
21 1.5 63930282
21 1.1666666666666667 20786773
21 0.8571428571428571 63469552
21 1.0 60441577
21 0.8571428571428571 59442899
21 1.0 63048205
22 1.1666666666666667 52691509
22 1.1666666666666667 9690179
22 0.75 63126932
22 0.7142857142857143 50826430
22 1.4 27940653
22 0.5 31099405
22 1.2 31035704
22 2.5 14328908
22 1.5 61401536
22 1.8 4451162
23 1.75 30696031
23 0.7142857142857143 31138633
23 1.2 37142829
23 0.8571428571428571 59443086
23 1.0 27813206
23 2.5 55441617
23 1.1666666666666667 2970427
23 0.7142857142857143 64123651
23 1.3333333333333333 20595473
23 1.6 29671185
24 1.4 63557473
24 0.42857142857142855 42792631
24 1.0 63670072
24 1.4 8213953
24 0.7142857142857143 63830346
24 1.25 15146012
24 0.4444444444444444 63213911
24 2.0 23867504
24 2.0 6701496
24 1.75 18449224
25 1.6 63364457
25 0.7142857142857143 11483402
25 1.0 63585359
25 1.4 14261653
25 0.8571428571428571 63713251
25 0.8333333333333334 59566559
25 0.7142857142857143 63144559
25 2.25 4389829
25 0.5 51166470
25 1.2 9840479
26 1.75 4319672
26 1.1666666666666667 52790611
26 0.4444444444444444 63210193
26 0.625 63144627
26 1.3333333333333333 54609578
26 0.8571428571428571 56761694
26 0.6666666666666666 31081246
26 0.625 59811325
26 2.0 18531938
26 1.0 6959679
27 0.625 49278781
27 1.0 7109839
27 1.1666666666666667 67197282
27 1.6 9731730
27 0.5714285714285714 63867452
27 1.1666666666666667 18524967
27 0.8571428571428571 61597243
27 2.0 12822823
27 0.8 41257847
27 0.8571428571428571 61743486
28 1.2 9833206
28 0.75 63729406
28 0.7142857142857143 61348342
28 0.8571428571428571 45792344
28 2.0 18534931
28 1.4 6912592
28 0.5 63949062
28 0.75 50839983
28 1.6 4479856
28 0.8333333333333334 59461937
29 0.7142857142857143 59461763
29 1.4 51754280
29 1.1666666666666667 14353199
29 1.1666666666666667 22061556
29 0.5555555555555556 31142454
29 1.6 63277295
29 1.1666666666666667 46176389
29 1.6 52729736
29 0.75 61730344
29 0.7142857142857143 49240431
30 1.1666666666666667 22000489
30 1.1666666666666667 45312337
30 0.7142857142857143 47236632
30 0.8571428571428571 49207107
30 1.1666666666666667 52782126
30 0.8333333333333334 47197234
30 1.8 3874886
30 0.8571428571428571 50847415
30 0.7142857142857143 59549120
30 1.6 49172202
31 1.1666666666666667 21916256
31 0.8333333333333334 11484660
31 1.1666666666666667 52766304
31 1.0 58321899
31 0.7142857142857143 59566578
31 1.4 49201087
31 1.4 44809907
31 0.8571428571428571 52702514
31 0.8571428571428571 50751394
31 0.5 31158167
32 1.3333333333333333 56583208
32 2.0 9410203
32 1.2 18501808
32 1.3333333333333333 18534489
32 1.0 11481385
32 1.1666666666666667 22042164
32 0.7142857142857143 11484398
32 1.4 45772848
32 1.1666666666666667 59418193
32 0.8571428571428571 31025361
33 2.0 9707930
33 1.2 49230784
33 2.0 9710120
33 1.0 47335687
33 0.625 50759827
33 1.4 44857817
33 1.1666666666666667 21945155
33 0.8333333333333334 31002731
33 1.2 30394671
33 0.8333333333333334 67218735
34 0.7142857142857143 49240430
34 0.7142857142857143 65167219
34 0.625 63704886
34 1.1666666666666667 51756821
34 0.7142857142857143 65167213
34 1.0 65167201
34 1.0 58247810
34 0.7142857142857143 67206734
34 0.75 61562367
34 1.4 44991284
35 1.0 61494837
35 1.0 49230785
35 1.4 5106280
35 1.75 9611904
35 1.0 9758641
35 0.625 63818247
35 1.0 61506930
35 1.2 9847365
35 0.7142857142857143 67385244
35 1.4 27669655
36 0.8571428571428571 50851813
36 1.0 59455370
36 0.8333333333333334 61670521
36 0.8571428571428571 59442361
36 0.8571428571428571 27908887
36 0.75 61546329
36 1.0 15065211
36 0.625 67206776
36 1.1666666666666667 9765422
36 2.25 3824816
37 0.625 50833029
37 1.0 31055446
37 2.0 14416174
37 1.0 63132591
37 1.4 46238105
37 0.625 61586933
37 1.0 63449142
37 1.4 21965731
37 0.75 61753572
37 1.4 56724971
38 0.7142857142857143 51105895
38 0.625 30996267
38 0.8333333333333334 51104895
38 2.0 12816840
38 1.0 20641592
38 0.8333333333333334 59470233
38 1.1666666666666667 4319174
38 1.0 59455346
38 1.0 49228757
38 1.2 9847530
39 1.4 14351971
39 0.7142857142857143 65167199
39 0.8571428571428571 61673393
39 0.8571428571428571 50839987
39 0.8571428571428571 61663445
39 1.0 63132534
39 1.1666666666666667 56473738
39 1.6 45774467
39 1.75 20636195
39 0.8571428571428571 61300128
40 1.2 20661701
40 0.625 51105893
40 0.8333333333333334 11264755
40 1.0 33217107
40 1.0 11602820
40 1.0 15066995
40 1.0 30760756
40 0.8333333333333334 11264753
40 0.6666666666666666 30472308
40 1.0 33217103
41 0.8333333333333334 50834883
41 0.7142857142857143 31002728
41 1.4 54641674
41 1.0 49218148
41 1.2 27909246
41 0.8333333333333334 50832954
41 1.1666666666666667 44809904
41 0.8571428571428571 59455348
41 1.4 20636193
41 1.2 11257028
42 1.4 9777416
42 1.2 22052316
42 1.4 54636558
42 1.0 21821955
42 0.7142857142857143 50832436
42 0.7142857142857143 11600885
42 0.7142857142857143 63144475
42 1.2 23925808
42 1.75 21817746
42 1.2 5027636
43 1.1666666666666667 9777415
43 1.1666666666666667 54641672
43 1.0 20661700
43 1.0 20661699
43 0.7142857142857143 50832952
43 0.8333333333333334 30458980
43 1.0 61494884
43 1.6 14410267
43 1.1666666666666667 56744699
43 1.2 6961196
44 1.4 4319618
44 1.6 14335940
44 1.2 21843045
44 1.4 21817745
44 1.0 23925803
44 1.1666666666666667 54636556
44 1.0 61494881
44 1.0 23925805
44 1.0 61506884
44 0.75 63724706
45 1.4 20657070
45 0.7142857142857143 63502265
45 1.0 6961193
45 0.8571428571428571 61506886
45 1.0 30446285
45 1.4 21817744
45 1.0 6961191
45 1.0 6961190
46 1.6 20631769
46 1.6 21947438
46 1.4 20657069
46 1.75 15054883
46 1.6 4402506
46 1.4 9777091
46 1.0 49218183
46 0.8571428571428571 61494883
46 0.4444444444444444 63803710
47 1.0 27617856
47 1.0 11463675
47 1.6 20631768
47 1.6 21942899
48 1.1666666666666667 9777090
48 0.8333333333333334 11462623
48 1.2 9759029
49 1.1666666666666667 27597668
49 1.1666666666666667 27612162
49 1.2 11457329
49 1.1666666666666667 9777089
50 1.0 11456277
51 0.8571428571428571 63132151
