0 2.75 15485525
0 2.25 5606731
0 2.0 55187424
0 1.6 53925804
0 1.1666666666666667 51364042
0 1.6 48459685
0 2.0 49667057
0 1.0 17247345
0 3.3333333333333335 13014057
0 0.8333333333333334 9998856
0 1.1666666666666667 62315353
0 2.0 29131140
0 0.8571428571428571 52425229
0 0.36363636363636365 68186180
0 0.8333333333333334 325039
0 3.3333333333333335 8862097
0 1.75 12151225
0 2.0 52512395
0 0.5555555555555556 50866043
0 1.4 22820367
0 1.6 16893794
0 1.75 24789420
0 1.3333333333333333 45829555
0 2.0 10456597
0 3.6666666666666665 54139503
0 1.2 40017361
0 1.75 15918952
0 1.3333333333333333 16975051
0 0.75 3364760
0 1.0 35447092
0 4.5 7625537
0 0.4444444444444444 43336892
0 0.7142857142857143 41756459
0 1.0 40735276
0 1.4 25791328
0 1.2 66027598
0 1.2 22804250
0 0.7142857142857143 67711152
0 2.0 60789216
0 0.625 63972307
0 1.5 19399971
0 1.8 58988883
0 0.8333333333333334 14465883
0 2.6666666666666665 18002076
0 0.875 2546434
0 4.5 13061173
0 1.1666666666666667 30683691
0 1.5 26571812
0 2.0 17328300
0 0.2727272727272727 64158052
0 3.3333333333333335 2902357
0 1.1428571428571428 52146457
0 2.3333333333333335 48372278
0 1.1666666666666667 66282836
0 2.25 9556565
0 4.0 14049029
0 0.375 49530935
0 1.0 20642387
0 3.3333333333333335 1039873
0 1.4 8019707
0 1.0 32525580
0 2.0 26129276
0 1.8 5609267
0 1.1428571428571428 19117343
0 0.5 3084290
0 1.6 55458094
0 0.3 22342722
0 1.8 19702914
0 1.6 49899676
0 1.5 59678958
0 0.6666666666666666 67018132
0 2.25 58905935
0 0.2857142857142857 40676876
0 0.8333333333333334 38895713
0 2.5 2768479
0 1.6 9408491
0 1.75 29757750
0 1.2 56855095
0 0.4 49659561
0 0.375 33464541
0 1.2 33145564
0 0.8333333333333334 50209333
0 1.2857142857142858 55134494
0 1.6 59653174
0 0.8333333333333334 63709783
0 0.8333333333333334 50576582
0 1.5 30782327
0 6.0 24275661
0 3.3333333333333335 45270825
0 0.375 40223324
0 0.375 68286494
0 0.5 11921602
0 1.8 19205397
0 0.7142857142857143 60648576
0 1.1666666666666667 67913360
0 1.5 44278207
0 1.0 49039817
0 1.3333333333333333 7863071
0 1.0 63048684
0 0.2727272727272727 43663775
1 4.0 7361805
1 3.5 455467
1 6.5 3434422
1 2.25 20760853
1 2.0 14843916
1 4.0 15746985
1 3.6666666666666665 17629182
1 1.0 41668817
1 3.0 30644343
1 1.4 56418442
1 2.6666666666666665 29383635
1 1.0 12964667
1 1.0 49623064
1 1.1666666666666667 47476263
1 1.75 30438004
1 0.8333333333333334 64877325
1 5.0 1150952
1 1.6 61098452
1 4.5 13833664
1 1.4 17326193
1 1.5 2013408
1 1.0 36238704
1 0.6 37670078
1 1.2 60537149
1 2.0 65756296
1 1.75 50315456
1 1.0 31738855
1 2.3333333333333335 21914950
1 2.0 19534213
1 1.0 47922793
1 2.3333333333333335 56133218
1 2.3333333333333335 33023806
1 4.0 32782818
1 4.5 24430901
1 1.5 18573488
1 3.0 2440750
1 12.0 3997134
1 1.1666666666666667 63665761
1 1.5 22801737
1 1.5 28225519
1 2.6666666666666665 31744638
1 1.4 56839840
1 0.8 33300004
1 4.0 31913819
1 2.25 17107771
1 2.25 57421167
1 2.6666666666666665 465479
1 2.0 30671202
1 0.8571428571428571 42313340
1 0.3 7228771
1 1.0 17029656
1 0.8333333333333334 65104860
1 2.0 39107325
1 9.0 31883138
1 1.2 57547398
1 0.6666666666666666 41152427
1 2.6666666666666665 35797068
1 0.8333333333333334 14552903
1 1.5 39877250
1 1.25 11686475
1 1.0 52628218
1 1.4 41776866
1 2.0 17077477
1 1.0 48478081
1 2.6666666666666665 17400968
1 1.25 43059586
1 0.7142857142857143 34735654
1 0.5714285714285714 15185846
1 4.0 32496779
1 1.4 22186680
1 0.8 30160997
1 2.3333333333333335 32052686
1 0.5714285714285714 62875285
1 2.5 60226546
1 1.5 1260688
1 1.8 16764928
1 0.7142857142857143 58890388
1 3.3333333333333335 21526532
1 3.3333333333333335 9401031
1 4.0 23283574
1 3.0 19292150
1 1.0 56305266
1 2.25 7899656
1 1.4 4983833
1 11.0 29296677
1 2.25 14213090
1 4.0 4726998
1 2.25 3857480
1 1.2 16997150
1 3.0 44299554
1 2.0 18548904
1 1.75 49171303
1 1.0 19961695
1 9.0 4282476
1 3.0 60225095
1 2.3333333333333335 29947640
1 0.8571428571428571 50752031
1 2.0 29954755
1 3.0 14286458
1 1.0 10922895
2 0.5 61816936
2 0.75 55021228
2 1.1666666666666667 39579929
2 0.875 20135143
2 1.1428571428571428 56718906
2 2.0 15612573
2 1.1666666666666667 55151732
2 0.4444444444444444 64249225
2 1.8 54356331
2 0.375 42048732
2 0.8333333333333334 23486929
2 0.8333333333333334 57889656
2 0.6666666666666666 63329186
2 1.6 28768648
2 1.25 35117981
2 1.3333333333333333 64809509
2 1.75 13506720
2 1.0 38052413
2 1.2 17890395
2 1.0 4609502
2 1.2 1570133
2 1.0 52029834
2 0.375 43663427
2 0.6666666666666666 18721363
2 0.8333333333333334 23935849
2 0.625 50551053
2 0.7142857142857143 64492458
2 0.8571428571428571 3039958
2 0.7142857142857143 38211597
2 1.0 55328436
2 1.5 9117662
2 2.0 39592688
2 1.2 12753833
2 1.75 17548351
2 0.6 33318772
2 1.6 63641204
2 1.0 40754340
2 0.375 34751082
2 0.8333333333333334 23710825
2 0.5 29010511
2 1.1666666666666667 20443953
2 0.4444444444444444 40559404
2 1.0 33115990
2 0.4444444444444444 43625855
2 0.8333333333333334 25452521
2 1.75 7417079
2 0.625 39792009
2 0.375 53435259
2 0.7142857142857143 9855914
2 1.6 53559222
2 1.4 28746419
2 1.6 36406724
2 0.75 60596478
2 0.8571428571428571 25799886
2 0.7142857142857143 66804430
2 0.5714285714285714 32330545
2 1.75 49315802
2 1.1666666666666667 30324104
2 2.25 13247657
2 1.3333333333333333 39709068
2 1.6 39037765
2 0.6666666666666666 16601994
2 2.25 11220051
2 0.7142857142857143 28663326
2 0.6666666666666666 65974448
2 0.5 64989612
2 1.5 11250917
2 1.0 28774706
2 2.0 4628579
2 1.1666666666666667 6290715
2 0.8333333333333334 12706137
2 0.5 68380537
2 0.75 7126153
2 1.25 32563299
2 0.7142857142857143 67690204
2 2.25 55126363
2 1.4 34911965
2 3.0 1666759
2 1.2 44206549
2 2.0 31711440
2 2.25 55970522
2 1.5 44996597
2 1.2 47319889
2 1.8 6235871
2 1.25 64540593
2 1.4 36778053
2 0.8571428571428571 41459762
2 0.4444444444444444 49860360
2 1.25 14882928
2 1.0 31836957
2 2.3333333333333335 34972689
2 2.0 12657607
2 0.5714285714285714 61963437
2 2.0 3743473
2 2.0 53767499
2 1.0 13318275
2 1.1428571428571428 51936576
2 0.8571428571428571 67085438
2 0.7142857142857143 28468891
2 1.2 5516293
3 1.0 32672310
3 1.0 66884571
3 0.8 32329179
3 1.5 37600502
3 3.5 32896491
3 3.5 8065570
3 2.0 25290154
3 0.8571428571428571 37090594
3 2.3333333333333335 33606862
3 1.1666666666666667 25096837
3 1.0 27067786
3 0.6666666666666666 11056764
3 1.2 67836714
3 0.5 58599929
3 1.0 59085717
3 1.6 60511144
3 1.8 52163779
3 0.8571428571428571 57640367
3 0.2 43861419
3 1.25 40755188
3 1.6666666666666667 33943435
3 1.0 55600296
3 0.25 43579458
3 1.3333333333333333 60896437
3 2.0 632187
3 1.6 10750226
3 1.25 36266469
3 1.5 62716875
3 1.3333333333333333 28516392
3 1.4 12855306
3 0.7142857142857143 21106329
3 1.1666666666666667 66236362
3 1.0 28924745
3 2.5 3051471
3 0.8571428571428571 1638557
3 2.0 20009841
3 0.6666666666666666 66970884
3 1.25 32507995
3 1.0 59034832
3 1.5 65846522
3 0.42857142857142855 40507773
3 3.5 24574075
3 2.0 52388790
3 2.0 36975223
3 0.8571428571428571 59416172
3 1.5 31951697
3 1.2 32540440
3 0.5714285714285714 17471839
3 1.5 30975473
3 0.36363636363636365 62684930
3 0.8333333333333334 35078131
3 2.0 19940992
3 0.3333333333333333 63903063
3 0.7142857142857143 19981786
3 0.8571428571428571 26766745
3 0.7142857142857143 62636414
3 0.625 31335578
3 1.0 39611572
3 1.0 64868710
3 1.75 24396220
3 1.25 36277121
3 0.5714285714285714 8390246
3 0.5555555555555556 22307745
3 1.1666666666666667 30323213
3 2.25 7906678
3 1.1666666666666667 47485593
3 1.6 27627623
3 1.1666666666666667 2569118
3 2.6666666666666665 41642017
3 0.8333333333333334 11026254
3 1.6 15885747
3 1.3333333333333333 55422515
3 1.0 19931495
3 2.6666666666666665 1295880
3 1.75 27179440
3 0.8571428571428571 12926715
3 0.42857142857142855 39447435
3 2.5 47469527
3 3.0 9510916
3 0.7142857142857143 63194882
3 1.6 25038660
3 3.5 10761510
3 1.6 28828395
3 0.5714285714285714 42406909
3 3.0 29286362
3 1.0 30396848
3 1.5 5306874
3 0.4444444444444444 40564898
3 1.75 11128765
3 1.6666666666666667 30508084
3 0.375 40508070
3 2.6666666666666665 8832978
3 2.25 17715374
3 2.6666666666666665 25364874
3 2.0 31795366
3 2.0 8089131
3 1.2 26789242
3 0.3333333333333333 12038375
3 0.5 62372994
3 1.3333333333333333 6414567
4 4.0 9659906
4 1.0 61414411
4 1.0 40344390
4 1.0 36131340
4 1.1666666666666667 56668892
4 1.0 59300230
4 1.0 55244262
4 0.7142857142857143 61151088
4 0.625 65892031
4 2.0 23294237
4 2.0 52609231
4 5.5 18723682
4 3.3333333333333335 19114493
4 2.3333333333333335 27854656
4 2.6666666666666665 2834423
4 1.2 3898627
4 1.3333333333333333 59379263
4 1.4 28939071
4 0.8333333333333334 33371258
4 1.0 22962780
4 1.1666666666666667 29690301
4 0.8333333333333334 31338191
4 1.0 36260652
4 2.6666666666666665 3466680
4 4.5 12625963
4 0.4 66904576
4 1.4 10590188
4 0.6666666666666666 30914191
4 1.2 21062182
4 3.0 18128917
4 2.0 16017257
4 5.0 46438210
4 1.75 19581986
4 0.6666666666666666 65293918
4 4.0 12217840
4 0.5555555555555556 61328319
4 1.3333333333333333 7152359
4 1.8 53930190
4 1.0 36686125
4 0.7142857142857143 39780798
4 1.2 25398131
4 2.25 29319745
4 1.25 53403801
4 1.1666666666666667 820228
4 0.3333333333333333 65334503
4 0.8333333333333334 33982549
4 2.0 18531072
4 1.75 22929902
4 1.1666666666666667 48572463
4 2.6666666666666665 33661078
4 0.75 27949216
4 1.25 61919011
4 1.5 35936551
4 0.8333333333333334 15264394
4 9.0 2900696
4 1.4 62254367
4 2.0 54960703
4 1.4 23602957
4 2.0 4304082
4 2.25 32119782
4 2.3333333333333335 13435473
4 1.4 45984319
4 2.3333333333333335 32289678
4 0.7142857142857143 48824586
4 1.75 54876972
4 1.3333333333333333 62958031
4 0.8571428571428571 61592701
4 2.6666666666666665 24628532
4 0.875 66711183
4 1.0 31837073
4 1.6 20438580
4 2.6666666666666665 13462417
4 1.6 8923458
4 0.7142857142857143 18700621
4 1.1428571428571428 63418314
4 3.5 36868469
4 1.75 30374096
4 2.5 2271971
4 0.8571428571428571 30812219
4 2.25 23778389
4 1.0 27852462
4 8.0 17857763
4 5.5 2401849
4 0.375 11987031
4 1.8 51398049
4 0.1 43803330
4 0.8571428571428571 36798287
4 1.0 21064795
4 2.5 25238202
4 1.75 3752634
4 0.5 41600060
4 0.8571428571428571 40704226
4 1.0 9677231
4 0.5 52892148
4 4.5 3630197
4 0.8 30911806
4 2.25 17765732
4 1.2 21126069
4 2.0 9299786
4 1.75 30546716
5 0.4444444444444444 28500493
5 0.6666666666666666 65907087
5 0.8571428571428571 50808248
5 1.2 10970271
5 1.4 6280224
5 1.1666666666666667 18470650
5 1.3333333333333333 55445089
5 1.8 56566758
5 1.2 25062116
5 0.7142857142857143 30135736
5 0.6666666666666666 34708127
5 2.0 6992429
5 1.0 4524373
5 3.3333333333333335 2235107
5 3.5 20378515
5 1.2 14984223
5 1.1666666666666667 60148734
5 1.5 65424112
5 1.75 47883849
5 1.75 9191053
5 2.0 15630067
5 1.0 51426355
5 1.0 59119897
5 0.7142857142857143 59593222
5 0.8 5052282
5 1.4 47223798
5 1.1666666666666667 44752201
5 2.25 2929367
5 5.0 17825434
5 2.0 34362195
5 0.2857142857142857 43463528
5 1.0 32949836
5 1.2 56031854
5 2.5 19478154
5 2.0 1915847
5 2.6666666666666665 20439272
5 1.0 29359118
5 0.8333333333333334 26839395
5 0.42857142857142855 67356694
5 1.0 31225766
5 4.5 14658126
5 1.6 9185768
5 1.1666666666666667 57843039
5 1.2 35164408
5 0.7142857142857143 17459657
5 1.0 55334186
5 3.0 8838408
5 1.2 11574642
5 1.4 18303836
5 1.0 65870706
5 1.2 47166203
5 2.6666666666666665 36744906
5 0.75 56214600
5 1.0 61373663
5 1.3333333333333333 6551469
5 1.0 7198691
5 2.0 33677097
5 0.625 50828184
5 5.0 18195301
5 2.25 20828628
5 0.5714285714285714 51230786
5 2.3333333333333335 800526
5 1.0 9675538
5 0.7142857142857143 9448789
5 2.5 12766403
5 0.8333333333333334 51025232
5 2.0 48152306
5 1.0 48947085
5 1.0 23460957
5 1.25 32975167
5 0.625 32325593
5 1.6666666666666667 11359531
5 1.3333333333333333 56099549
5 0.6666666666666666 24177381
5 0.8333333333333334 57388973
5 0.5 36136364
5 2.3333333333333335 24485728
5 1.8 4273943
5 0.8571428571428571 54786489
5 0.5 49302257
5 1.3333333333333333 56620112
5 1.0 30777104
5 1.4 17290283
5 1.0 27687062
5 0.5 59343993
5 1.4 46338914
5 0.42857142857142855 50486276
5 0.7142857142857143 3977006
5 1.5 14580072
5 0.6666666666666666 42391050
5 2.25 51883588
5 1.25 15169554
5 0.8333333333333334 27376038
5 2.0 49056215
5 4.5 17614691
5 1.5 8068675
5 2.3333333333333335 8015513
5 1.2 28260062
5 0.625 47042744
5 2.0 18025014
6 1.0 56757626
6 2.25 51361727
6 3.6666666666666665 4127110
6 1.25 2074970
6 5.5 3111699
6 1.5 48725407
6 3.0 20728061
6 0.8333333333333334 57889281
6 0.7142857142857143 41009397
6 2.3333333333333335 31305512
6 0.8333333333333334 66894982
6 0.4444444444444444 52904226
6 1.4 52782459
6 1.0 57927418
6 0.5714285714285714 60495851
6 2.6666666666666665 5567084
6 1.75 55398456
6 1.1666666666666667 1864048
6 3.0 19503724
6 1.8 59135266
6 3.3333333333333335 51863481
6 1.0 33106431
6 1.3333333333333333 54397797
6 2.0 60479721
6 0.3333333333333333 65340947
6 1.4 29991555
6 1.4 15086290
6 2.6666666666666665 5863131
6 1.6 44363434
6 1.5 52163219
6 1.5 33790440
6 1.75 7527326
6 1.0 47744163
6 2.0 49901739
6 1.8 49021296
6 5.0 2144288
6 0.8333333333333334 55710431
6 0.8 40896783
6 1.0 22107300
6 1.3333333333333333 55305368
6 0.42857142857142855 49529121
6 0.2222222222222222 43747515
6 2.0 60214896
6 0.7142857142857143 28457364
6 3.0 24371767
6 1.0 27720905
6 0.8333333333333334 31723055
6 0.375 10157161
6 0.8571428571428571 4627643
6 1.5 8142170
6 2.0 33084654
6 1.1666666666666667 49213903
6 1.3333333333333333 20595870
6 1.2 39250608
6 0.5714285714285714 9873689
6 0.42857142857142855 49550372
6 0.5 65319424
6 0.5714285714285714 47122739
6 0.5 28375131
6 1.5 23810435
6 0.8 10052914
6 0.5 48846110
6 2.6666666666666665 13801977
6 1.4 316694
6 0.6 7225366
6 1.4 64742145
6 1.4 23423040
6 1.1666666666666667 59897673
6 3.0 20451663
6 1.6 19821225
6 0.4444444444444444 43329494
6 1.6 2931186
6 1.75 65142302
6 1.0 32977885
6 0.6666666666666666 40270321
6 1.1666666666666667 45871969
6 1.6 13821862
6 0.6666666666666666 2121513
6 0.625 56521953
6 0.8333333333333334 33252170
6 1.75 56789052
6 2.25 53965601
6 1.0 21974630
6 0.5714285714285714 53212775
6 0.7142857142857143 49239865
6 1.0 20623706
6 1.8 55338776
6 1.6666666666666667 11696146
6 1.0 65738311
6 1.3333333333333333 48086669
6 1.6 59769775
6 1.0 18644149
6 0.3333333333333333 43683042
6 1.0 62471718
6 1.6 53245894
6 4.0 22742664
6 2.25 56044650
6 0.5 28538529
6 1.0 6898691
6 0.5 66209079
7 4.0 21543924
7 2.6666666666666665 21651436
7 3.3333333333333335 7369213
7 2.3333333333333335 18617949
7 0.5 41604870
7 0.7142857142857143 37192062
7 1.4 60026044
7 0.4444444444444444 68016524
7 1.0 27872486
7 0.42857142857142855 42668450
7 0.3333333333333333 63880184
7 1.0 33216085
7 1.0 65519621
7 2.0 34782186
7 0.6 56795748
7 1.25 38042320
7 1.1666666666666667 56888190
7 1.0 13312851
7 2.5 51607939
7 0.875 52789549
7 1.6 24628934
7 1.0 52329072
7 0.6 5393106
7 1.5 37094235
7 1.3333333333333333 39698847
7 1.0 57663926
7 0.8333333333333334 61660123
7 1.0 59439071
7 0.2 43711622
7 0.8 42730298
7 0.8333333333333334 30667290
7 1.25 60450613
7 0.625 31359622
7 1.4 33086384
7 0.7142857142857143 5037500
7 2.0 8206625
7 0.8571428571428571 67459247
7 2.25 9598778
7 0.8333333333333334 7188647
7 0.4 49475950
7 0.42857142857142855 65060440
7 3.0 39328194
7 0.3333333333333333 43651090
7 2.25 19549102
7 0.5 31589025
7 0.5714285714285714 67028801
7 0.8333333333333334 29478370
7 0.6666666666666666 22112011
7 1.5 52527604
7 0.42857142857142855 24201635
7 1.75 18617430
7 1.5 14236890
7 1.4 9300206
7 1.4 57555427
7 2.0 8024434
7 1.8 45260059
7 0.8 61860520
7 0.8333333333333334 27991661
7 1.0 27400505
7 2.6666666666666665 19010048
7 0.6 24198874
7 1.2 29818742
7 1.2 37177803
7 1.6 20728692
7 1.2 32957900
7 1.0 67654201
7 1.75 8014717
7 2.3333333333333335 16956364
7 3.0 18530798
7 1.2 27806090
7 1.1666666666666667 51571579
7 0.8333333333333334 14553266
7 1.0 33147086
7 1.1666666666666667 51696267
7 2.0 20420371
7 1.0 60334282
7 2.6666666666666665 23833024
7 3.0 52980301
7 1.0 27780438
7 1.0 10699302
7 0.4 63856211
7 0.625 29915208
7 1.0 14528273
7 0.8 67030031
7 2.0 4853420
7 0.5 37726039
7 2.5 4353399
7 1.4 57856824
7 0.8333333333333334 50513784
7 0.5714285714285714 61626547
7 3.5 32891520
7 1.4 44082329
7 1.6 26745109
7 0.75 53437184
7 1.6 61247672
7 1.0 46270852
7 1.75 55019664
7 1.4 6949975
7 1.8 17845560
7 2.6666666666666665 14332850
8 2.0 20945865
8 0.5 31603494
8 1.1666666666666667 54528322
8 0.625 11692074
8 1.5 31320930
8 1.1428571428571428 55255290
8 1.0 15153958
8 0.8333333333333334 24072690
8 1.3333333333333333 20632629
8 1.4 2256612
8 1.0 6896750
8 1.4 56632941
8 1.0 56754892
8 2.0 12965279
8 0.8 31150359
8 1.75 11230134
8 1.0 21835913
8 1.6 17275383
8 0.375 30533498
8 2.3333333333333335 16877293
8 0.8571428571428571 28157145
8 0.7142857142857143 50872439
8 10.0 26523180
8 0.25 64354771
8 2.0 54961501
8 2.0 56899368
8 2.25 56550039
8 1.25 41120744
8 1.4 54596058
8 1.2 5839170
8 1.75 64853233
8 1.2 45819597
8 0.3333333333333333 50485320
8 1.1666666666666667 57599789
8 1.0 31206044
8 2.6666666666666665 19788563
8 0.75 45628654
8 1.0 25328355
8 1.0 11681097
8 4.5 8177323
8 0.375 67355118
8 2.6666666666666665 33915973
8 1.2 44817993
8 1.75 41843649
8 1.6 53167738
8 1.6 50613062
8 0.2857142857142857 43527507
8 2.0 21559014
8 1.5 10605417
8 2.5 9509718
8 0.5714285714285714 41940596
8 1.75 53384185
8 2.3333333333333335 52025390
8 3.0 16123387
8 2.3333333333333335 12139570
8 1.0 25456002
8 1.1666666666666667 45778732
8 1.0 5200566
8 1.6 52914199
8 1.0 53223210
8 1.75 14944162
8 1.0 9967499
8 1.6 19609785
8 1.2 22240218
8 2.6666666666666665 24440562
8 1.4 47553616
8 1.5 30690370
8 2.2 16278171
8 2.6666666666666665 10278255
8 1.1666666666666667 58298034
8 0.8 42628527
8 2.0 18985727
8 0.625 61787686
8 4.0 14402714
8 2.3333333333333335 6832126
8 2.5 41152372
8 2.0 2915883
8 1.5 52165889
8 1.0 42301846
8 0.5714285714285714 59506504
8 1.0 44945724
8 0.8333333333333334 28021534
8 0.8 34712512
8 1.0 40021148
8 2.25 47481747
8 0.7142857142857143 57922208
8 1.2 9425611
8 1.4 27684741
8 2.0 25295430
8 2.0 61904523
8 0.8 31222014
8 0.8 30492420
8 1.4 52263423
8 2.0 15458033
8 12.0 3531209
8 1.6 20586721
8 0.5 41949892
8 1.5 4655529
8 2.5 52524840
8 1.0 64934819
9 2.0 7926611
9 1.1666666666666667 37525638
9 2.5 16532114
9 2.3333333333333335 8182090
9 1.75 27147544
9 1.0 61306877
9 4.0 48930094
9 1.4 15054856
9 1.5 9956867
9 0.625 42140618
9 1.6 44808068
9 0.25 43462205
9 0.875 63644661
9 1.0 54672400
9 0.75 54810680
9 0.5 51162694
9 1.0 26789950
9 0.625 63703396
9 0.8333333333333334 65268374
9 2.0 44644502
9 1.0 61278353
9 1.6 18491790
9 1.4 30682832
9 1.6 21912010
9 1.75 59380842
9 1.0 31047050
9 1.0 58079992
9 1.0 45706917
9 0.8333333333333334 37592853
9 1.4 27509560
9 4.0 16665847
9 2.25 13200247
9 1.6 20877414
9 0.8571428571428571 27733819
9 2.0 4161470
9 3.3333333333333335 45034980
9 0.375 42803097
9 0.8333333333333334 30509214
9 2.0 22117386
9 0.8333333333333334 33353298
9 1.4 44620792
9 0.7142857142857143 31415755
9 1.5 54644253
9 1.0 49406936
9 0.8571428571428571 56923430
9 2.75 44642306
9 1.1666666666666667 18477351
9 3.6666666666666665 51383316
9 1.0 42346590
9 1.0 13884639
9 3.3333333333333335 51452199
9 2.0 56595385
9 1.75 63564725
9 2.25 45547787
9 0.6 64310686
9 0.6666666666666666 53395348
9 0.7142857142857143 54709957
9 1.3333333333333333 45161668
9 1.4 56463669
9 1.0 7105844
9 1.5 31025955
9 1.6 47941845
9 1.3333333333333333 56666029
9 1.6 52602454
9 0.6666666666666666 5848468
9 0.75 56509087
9 1.2 9455594
9 1.6 52251835
9 1.1666666666666667 57768907
9 1.5 56874400
9 0.6666666666666666 53405002
9 0.75 52378994
9 1.2 18656599
9 1.6 60330744
9 2.3333333333333335 1971568
9 0.8333333333333334 15281340
9 1.8 55448383
9 2.6666666666666665 12815826
9 1.0 54682133
9 1.3333333333333333 56581302
9 1.0 9345453
9 1.6 16174257
9 1.75 35587449
9 1.25 42494912
9 1.1666666666666667 47146158
9 1.25 44868290
9 1.4 61268587
9 0.75 11733530
9 1.1666666666666667 29459959
9 1.4 21944564
9 1.75 8320522
9 1.0 31116129
9 0.5 11892699
9 2.6666666666666665 27186401
9 0.6666666666666666 50711963
9 2.3333333333333335 5141197
9 2.6666666666666665 19837288
9 1.4 55015322
9 1.75 10837624
9 1.0 48184291
10 1.3333333333333333 25290235
10 1.0 29888492
10 1.5 9919087
10 1.0 44855708
10 0.8333333333333334 6969682
10 0.8571428571428571 34606705
10 2.6666666666666665 4290133
10 1.2 9919858
10 1.4 11230900
10 0.6666666666666666 11981405
10 1.4 33731632
10 1.1666666666666667 561474
10 2.25 56381379
10 1.2 28270105
10 1.0 61768897
10 0.5714285714285714 67030152
10 1.0 6971161
10 0.8571428571428571 30701816
10 2.0 25384557
10 3.3333333333333335 47995516
10 1.4 50797428
10 2.25 15860012
10 0.6666666666666666 28190975
10 0.7142857142857143 49248204
10 1.1666666666666667 21780155
10 0.7142857142857143 65479336
10 1.2 10934884
10 0.8571428571428571 56507207
10 1.2 27203257
10 0.8571428571428571 46635625
10 4.0 12918054
10 1.5 51088727
10 1.4 4538684
10 1.2 48048085
10 1.5 5222637
10 0.3333333333333333 63914837
10 1.2 50528966
10 1.6 5778199
10 2.6666666666666665 25255555
10 0.6666666666666666 11830060
10 0.8333333333333334 36123638
10 1.5 54591081
10 1.5 41870847
10 1.5 22113517
10 1.0 10055501
10 1.0 58229230
10 1.0 9757257
10 1.4 4334139
10 1.25 4564069
10 1.4 64619820
10 2.0 12847455
10 1.0 60383866
10 0.75 37807266
10 0.6666666666666666 58558728
10 1.3333333333333333 23665617
10 1.1666666666666667 6715212
10 1.4 44955518
10 1.5 37078294
10 0.75 53381829
10 1.8 19698272
10 1.75 47085331
10 0.625 28058803
10 2.6666666666666665 57410485
10 0.7142857142857143 56833267
10 0.6666666666666666 47229613
10 1.0 34609286
10 0.375 42569196
10 1.8 58739575
10 0.625 57030503
10 4.5 3920562
10 0.6666666666666666 43116998
10 1.0 39352540
10 0.5 67541009
10 1.75 46589836
10 1.2 9626734
10 2.3333333333333335 21023443
10 1.4 4995083
10 2.0 11241948
10 1.0 27667149
10 1.8 56603513
10 1.0 61253179
10 1.4 52253133
10 3.0 5768031
10 1.0 28149496
10 0.5 61795704
10 1.0 20643619
10 1.1666666666666667 27800940
10 1.0 24030569
10 0.8571428571428571 52593499
10 1.6 20766831
10 1.1666666666666667 18489118
10 0.5 37487300
10 0.8571428571428571 50745435
10 1.0 47992007
10 0.8333333333333334 24160117
10 1.3333333333333333 27857366
10 1.75 52003989
10 2.6666666666666665 26555432
10 1.2 60242549
10 0.3333333333333333 65345513
11 2.6666666666666665 20963370
11 1.75 6760432
11 0.8333333333333334 61575799
11 0.42857142857142855 64212175
11 1.75 14351682
11 3.0 2767861
11 2.0 50517443
11 1.1666666666666667 44539841
11 1.2 56809889
11 2.0 54508527
11 1.5 33207337
11 0.5714285714285714 11979857
11 0.5 7233246
11 1.25 9931156
11 2.5 3699047
11 0.6666666666666666 11649389
11 1.3333333333333333 56677476
11 1.0 41932419
11 1.5 41738890
11 0.6666666666666666 37585454
11 1.5 8151843
11 0.8333333333333334 66069058
11 0.8 67295152
11 0.7142857142857143 51837864
11 5.0 20547705
11 2.3333333333333335 1217273
11 1.1666666666666667 44450184
11 0.5 58558255
11 1.2 9427167
11 1.2 37087558
11 1.5 45793145
11 0.5714285714285714 50938277
11 4.0 11430722
11 1.0 11587450
11 0.5714285714285714 31062333
11 1.5 42312799
11 1.0 3063957
11 1.3333333333333333 45831882
11 0.7142857142857143 44881985
11 0.8333333333333334 64112237
11 0.7142857142857143 63708522
11 0.8333333333333334 41860837
11 1.0 45377997
11 1.0 40045350
11 1.1666666666666667 49908295
11 0.875 20928998
11 1.1666666666666667 45820584
11 1.1666666666666667 54777478
11 1.0 40783303
11 1.4 37138748
11 1.1666666666666667 44859541
11 0.8 31371384
11 0.8333333333333334 22278528
11 1.2 66021559
11 0.8571428571428571 37511202
11 1.25 41732097
11 0.8571428571428571 49116862
11 2.75 19758413
11 0.5 41035086
11 1.6 54054504
11 0.5714285714285714 42733145
11 1.1666666666666667 55659110
11 1.6 54609776
11 1.0 4644430
11 1.2 4501919
11 1.1666666666666667 59535625
11 0.7142857142857143 61581865
11 1.5 40954333
11 2.3333333333333335 36441266
11 1.2 20902711
11 2.25 44704542
11 0.8 68358302
11 0.5 58613020
11 0.3 65325595
11 1.8 52312170
11 0.8333333333333334 67206730
11 1.4 56407725
11 1.0 27800543
11 0.5 31561072
11 1.6 17898262
11 1.4 65945842
11 1.1666666666666667 52349346
11 2.0 9566337
11 1.0 51062147
11 1.1666666666666667 56460437
11 1.6 3793646
11 1.4 30811056
11 5.0 20751431
11 1.5 51933348
11 1.2 51757408
11 2.0 66690791
11 1.25 57932253
11 0.5714285714285714 67302042
11 1.0 4644555
11 1.0 27880883
11 1.0 57022188
11 1.0 11677024
11 1.3333333333333333 45833976
11 1.6666666666666667 30509534
11 0.8333333333333334 9858037
12 1.2 7088946
12 3.3333333333333335 5094580
12 1.3333333333333333 25277321
12 1.2 47335783
12 1.0 67163353
12 1.2 36053571
12 1.8 45305937
12 1.5 8258399
12 3.0 16557860
12 1.2 22218705
12 1.0 34654011
12 4.5 8159156
12 1.75 21922243
12 1.0 56975345
12 1.2 20602851
12 0.5 49518084
12 1.0 22230673
12 1.5 28051509
12 2.5 52248088
12 1.2 29358997
12 0.625 5361755
12 0.3333333333333333 67568043
12 1.1428571428571428 56615173
12 0.6666666666666666 5049599
12 1.0 27782146
12 1.4 20654290
12 0.7142857142857143 61614266
12 0.7142857142857143 56817426
12 1.4 47567759
12 1.4 49058503
12 2.5 6369712
12 1.4 25181119
12 0.2857142857142857 43457555
12 1.4 28220241
12 1.6 12398024
12 2.3333333333333335 26360363
12 1.0 22175337
12 1.75 4289410
12 0.8333333333333334 41169310
12 0.6666666666666666 63163558
12 1.0 9744313
12 2.6666666666666665 27487039
12 0.5714285714285714 31061834
12 0.7142857142857143 60485986
12 1.3333333333333333 27663630
12 1.0 62442700
12 1.0 37598129
12 1.6 56587833
12 1.75 26626579
12 1.6 19019012
12 1.0 47984973
12 2.6666666666666665 15045357
12 1.0 27934305
12 1.0 31055784
12 1.1666666666666667 9671773
12 1.5 45978780
12 0.7142857142857143 50862442
12 1.2 6487830
12 0.8333333333333334 21080946
12 2.0 18520442
12 1.6 46528279
12 1.0 54665153
12 0.7142857142857143 59602431
12 0.8571428571428571 11604522
12 1.0 22050512
12 2.0 30409194
12 0.625 41222378
12 1.4 4333408
12 0.5714285714285714 67470524
12 0.8571428571428571 44546623
12 2.0 62958165
12 1.5 22782091
12 1.0 53412552
12 1.0 11506799
12 1.75 46250150
12 1.3333333333333333 53966361
12 1.4 21989791
12 1.0 56932688
12 1.2 49144368
12 1.2 14964525
12 1.75 36882667
12 1.6 50304880
12 0.5714285714285714 63814868
12 0.5 49474567
12 2.6666666666666665 17217850
12 0.625 51029648
12 1.1666666666666667 44995144
12 0.5714285714285714 68292670
12 1.75 34524107
12 1.0 20888995
12 2.0 47969136
12 1.0 31057179
12 0.625 47262194
12 1.25 41889464
12 0.5 42731619
12 1.6 51940209
12 1.6 61533018
12 1.4 45373495
12 1.3333333333333333 54942877
12 1.2 50519312
13 1.2 32057439
13 1.8 45726860
13 3.3333333333333335 20745904
13 1.0 32058814
13 0.8333333333333334 53322500
13 2.25 9055765
13 0.5714285714285714 31174498
13 2.0 21959537
13 1.75 18552609
13 0.8333333333333334 41148023
13 0.8333333333333334 30507607
13 1.5 66023183
13 0.625 5071994
13 0.8571428571428571 45800504
13 1.0 11287964
13 2.6666666666666665 45732979
13 2.0 9498526
13 1.2 28056114
13 0.42857142857142855 47410925
13 1.6 24443056
13 1.0 7039097
13 3.3333333333333335 7992073
13 0.7142857142857143 63519037
13 0.5714285714285714 63212666
13 1.3333333333333333 55549561
13 0.7142857142857143 63819515
13 1.6 16481542
13 0.8 30522983
13 0.8 33000594
13 1.4 11445833
13 1.2 64474262
13 1.0 5039836
13 1.0 58142544
13 1.0 50681335
13 5.0 18344234
13 1.6 14416927
13 1.8 58039252
13 2.0 33325614
13 0.7142857142857143 11291507
13 1.4 24499333
13 0.625 56993792
13 0.5 41317596
13 0.8333333333333334 66078722
13 1.8 18510929
13 2.0 2517240
13 1.75 22042650
13 0.625 11596683
13 1.6 19878417
13 1.0 51426032
13 3.3333333333333335 19679181
13 1.25 15156664
13 2.6666666666666665 19700845
13 0.6666666666666666 63979409
13 2.0 33067285
13 1.2 15230695
13 1.75 9962929
13 2.0 1459950
13 1.0 61746544
13 1.0 61550552
13 0.6666666666666666 33297902
13 0.75 47584925
13 0.4444444444444444 28510471
13 1.6 18370886
13 1.6 57751064
13 1.0 41577416
13 0.8571428571428571 63137181
13 1.5 21821892
13 1.0 55654263
13 0.7142857142857143 58117952
13 1.5 26416443
13 0.5 63215649
13 3.3333333333333335 18866239
13 1.2 57823292
13 0.8571428571428571 21063981
13 0.8 37584337
13 0.8 66178044
13 0.8571428571428571 56513127
13 1.6 4265347
13 0.75 49269286
13 2.5 3863030
13 0.42857142857142855 64212216
13 0.8333333333333334 37457394
13 1.5 5296214
13 1.0 30815939
13 0.42857142857142855 42643519
13 2.6666666666666665 18346125
13 2.25 20563774
13 1.0 11535078
13 1.8 27623567
13 1.6 21917099
13 1.0 63675934
13 2.25 815155
13 1.3333333333333333 62956573
13 0.8571428571428571 58141756
13 1.3333333333333333 44467955
13 1.4 45757635
13 1.6 45502644
13 1.6666666666666667 2517228
13 1.2 63393966
13 0.2222222222222222 64321800
14 2.0 4284983
14 1.75 17244749
14 1.5 9740659
14 1.1666666666666667 60435864
14 2.5 20739786
14 0.5 11314215
14 1.0 20899974
14 2.3333333333333335 35741326
14 0.8571428571428571 57910991
14 0.8571428571428571 67266798
14 0.5714285714285714 61777593
14 1.0 42674443
14 0.7142857142857143 27991301
14 0.75 54767030
14 0.375 64204565
14 0.7142857142857143 23863025
14 0.8333333333333334 31000693
14 0.42857142857142855 63251496
14 0.5714285714285714 11710690
14 1.0 50747118
14 2.0 35520031
14 1.2 53194244
14 2.6666666666666665 14361465
14 0.7142857142857143 37592841
14 1.3333333333333333 25308857
14 4.0 8919033
14 2.6666666666666665 18474442
14 1.75 53185335
14 1.25 23953108
14 0.7142857142857143 27431163
14 1.0 47233327
14 1.75 67368983
14 0.8333333333333334 4666885
14 0.8333333333333334 50367602
14 0.5 49489889
14 0.5714285714285714 5374579
14 0.5 66197599
14 2.3333333333333335 27227941
14 1.5 20746559
14 1.0 20823470
14 0.6666666666666666 50904339
14 0.7142857142857143 61738033
14 2.3333333333333335 27725236
14 1.6 9726337
14 0.5714285714285714 49472232
14 2.0 18457757
14 1.0 59478416
14 2.25 26683852
14 0.6666666666666666 63227732
14 0.4444444444444444 61800722
14 1.75 21819120
14 1.0 23844815
14 3.0 3349059
14 1.4 19864908
14 0.8 30366046
14 0.7142857142857143 48195542
14 1.1666666666666667 9381384
14 1.6 57956772
14 0.8571428571428571 24087702
14 1.0 22050514
14 1.8 20605579
14 0.8571428571428571 65266168
14 1.1666666666666667 52586523
14 0.8333333333333334 30709133
14 0.8571428571428571 63445323
14 1.4 20890322
14 1.0 37169587
14 1.2 27515342
14 1.8 54646581
14 0.75 56505937
14 0.5 51263980
14 1.4 18551155
14 1.0 36660988
14 1.4 50779054
14 2.25 19790490
14 0.8333333333333334 50694930
14 0.6666666666666666 65278433
14 0.5 7212365
14 1.4 56863440
14 0.8333333333333334 11470156
14 1.0 22113390
14 1.8 46016608
14 1.2 20902231
14 0.75 63467470
14 1.25 22104423
14 0.5 58603442
14 3.3333333333333335 3780924
14 0.5714285714285714 37366628
14 0.8571428571428571 20944046
14 0.625 52894681
14 0.8 30627992
14 0.8333333333333334 22256865
14 0.8333333333333334 63524583
14 1.75 11227645
14 1.75 7082559
14 1.4 14228863
14 0.8333333333333334 5209802
14 1.6 54645995
14 0.8333333333333334 41119588
14 1.0 54818184
15 2.0 13244502
15 3.0 2897828
15 1.25 22792117
15 2.6666666666666665 14336285
15 1.5 9637875
15 1.4 522034
15 1.1666666666666667 41841427
15 0.6666666666666666 63014728
15 0.8333333333333334 66085057
15 1.2 21776392
15 0.8571428571428571 46244380
15 2.0 34630130
15 1.1666666666666667 52760850
15 2.5 45101150
15 2.0 5098283
15 1.75 7513037
15 1.4 8197348
15 1.5 15036203
15 0.8571428571428571 30964827
15 2.6666666666666665 18610664
15 0.375 64285347
15 0.2857142857142857 64358671
15 0.8333333333333334 22162122
15 2.25 5100928
15 1.75 41444228
15 1.8 19829470
15 0.7142857142857143 63967736
15 0.625 30790283
15 1.4 52015480
15 2.6666666666666665 22718080
15 1.2 9423628
15 2.0 52845450
15 1.4 15115383
15 1.8 3850713
15 0.625 50928183
15 0.5714285714285714 63062917
15 1.4 25391709
15 2.5 3312751
15 0.8571428571428571 61334657
15 0.8333333333333334 8378791
15 1.5 58108136
15 1.0 30361573
15 2.0 25001234
15 0.5 63256132
15 1.0 4324859
15 0.4444444444444444 61792484
15 1.4 8321466
15 1.0 52701999
15 1.2 59779332
15 1.2 9845872
15 1.8 19826835
15 1.6 20856427
15 0.5714285714285714 11542192
15 0.5555555555555556 50917832
15 0.6666666666666666 68401698
15 1.0 41446009
15 1.3333333333333333 6914410
15 1.0 7125882
15 1.6 53998283
15 0.625 31048127
15 1.1666666666666667 21012985
15 1.1666666666666667 19861549
15 0.5714285714285714 58345478
15 1.0 21816883
15 1.0 31017895
15 0.7142857142857143 61786740
15 0.5 47392015
15 1.4 20625033
15 1.0 27350291
15 1.75 49018947
15 0.75 54706558
15 1.1666666666666667 51785034
15 0.8571428571428571 63599258
15 4.0 4279392
15 1.0 48148741
15 1.0 58225533
15 1.5 19820154
15 2.25 26465388
15 1.2 65488511
15 1.4 20654440
15 1.2 5192458
15 1.1666666666666667 59448544
15 2.6666666666666665 62936568
15 1.6 59776568
15 1.5 56710468
15 0.8333333333333334 24097053
15 1.0 28155938
15 1.0 61294798
15 1.75 11151058
15 1.75 21059179
15 1.4 4573013
15 1.0 9792997
15 1.2 28227823
15 0.5714285714285714 43326313
15 0.8571428571428571 53204167
15 1.75 18517678
15 2.25 5727785
15 1.5 55631889
15 5.5 3811227
15 1.0 59518168
16 1.3333333333333333 8246821
16 0.7142857142857143 30456772
16 1.0 41839610
16 0.7142857142857143 42488721
16 0.5 63863964
16 1.25 14991370
16 0.4444444444444444 61856293
16 1.0 9374761
16 0.5714285714285714 68275600
16 0.2222222222222222 64331396
16 2.0 36455210
16 1.4 14407407
16 1.1666666666666667 62969147
16 1.0 4996737
16 0.7142857142857143 63694114
16 3.0 56548884
16 0.8333333333333334 63758510
16 1.6 44446543
16 1.4 54622020
16 1.2 44830444
16 0.5 64189748
16 1.0 23844774
16 1.25 22088374
16 0.5 64189896
16 0.8333333333333334 50363708
16 0.8571428571428571 18655146
16 0.5 37581404
16 0.6666666666666666 42982009
16 2.6666666666666665 46520761
16 1.75 59423199
16 3.3333333333333335 13605540
16 0.5 64266700
16 0.8571428571428571 61504626
16 1.2 27735046
16 2.0 5819330
16 0.8333333333333334 30424999
16 0.6666666666666666 28195497
16 0.5 61692576
16 0.7142857142857143 54829171
16 0.8333333333333334 28066590
16 0.6666666666666666 36672250
16 1.75 13817515
16 1.6 19823732
16 0.7142857142857143 61591673
16 0.625 42165694
16 1.5 28316537
16 0.7142857142857143 28079910
16 1.6 12393306
16 1.6 19716080
16 1.0 20864039
16 1.4 52806935
16 0.7142857142857143 64101027
16 1.2 11347348
16 0.7142857142857143 28022065
16 2.0 4379410
16 1.0 50839751
16 2.0 27846916
16 0.8333333333333334 63967082
16 1.0 30509458
16 2.5 14329875
16 1.8 20837789
16 1.0 60319896
16 0.8571428571428571 9387007
16 1.4 44778538
16 0.42857142857142855 31466152
16 2.0 58174820
16 0.8571428571428571 48979536
16 0.375 42660783
16 0.8333333333333334 63275919
16 0.8333333333333334 58164179
16 1.4 14407404
16 1.1666666666666667 50748823
16 2.5 26430483
16 1.0 52403087
16 1.4 13235766
16 1.0 21048285
16 0.8333333333333334 67027218
16 0.7142857142857143 41879374
16 0.4444444444444444 49518287
16 1.4 4439563
16 0.5 65259654
16 1.0 53381203
16 0.8333333333333334 9803148
16 0.625 31404466
16 1.2 36647850
16 1.0 11632404
16 0.8333333333333334 30790416
16 0.8571428571428571 9845756
16 0.8333333333333334 30412532
16 0.6666666666666666 42512424
16 1.3333333333333333 56740572
16 1.0 19976811
16 0.8571428571428571 59442148
16 1.1428571428571428 54634506
16 1.2 5091697
16 1.0 50685826
16 1.0 9629553
16 0.8571428571428571 11253097
16 1.3333333333333333 52322901
16 0.42857142857142855 64232256
17 1.4 46537849
17 0.8 30915937
17 0.8333333333333334 67373734
17 1.0 25369114
17 0.8333333333333334 59471483
17 0.4 50949492
17 1.75 25366430
17 0.3333333333333333 42661069
17 1.3333333333333333 52729348
17 0.7142857142857143 63699371
17 1.1666666666666667 18488046
17 1.1666666666666667 56789125
17 1.75 12825688
17 0.8333333333333334 11600860
17 1.4 11404071
17 0.625 48176080
17 1.6 55452486
17 0.8571428571428571 21069679
17 1.6 21917453
17 1.25 27382857
17 1.4 14963588
17 0.8333333333333334 58288480
17 0.8333333333333334 65513811
17 1.0 20901825
17 1.1666666666666667 49219207
17 0.42857142857142855 51189546
17 5.5 14070088
17 0.8571428571428571 59442149
17 0.75 61597646
17 1.0 33139660
17 2.3333333333333335 11151179
17 1.2 53155622
17 0.8 31373566
17 1.4 27943823
17 1.1666666666666667 47161437
17 1.5 36904530
17 2.0 16471134
17 1.4 4587530
17 1.0 30892212
17 1.75 63267995
17 1.1666666666666667 52376159
17 1.2 6719049
17 1.0 21086282
17 0.5714285714285714 66118754
17 0.8333333333333334 49404733
17 1.3333333333333333 56741862
17 1.4 37159369
17 1.4 14259350
17 0.8571428571428571 49148170
17 0.6 42597762
17 0.8333333333333334 11876946
17 0.6666666666666666 37442095
17 0.75 25397284
17 1.0 30460683
17 1.6 45719902
17 0.375 64232282
17 0.6666666666666666 66992584
17 0.8333333333333334 50832823
17 0.6666666666666666 61626366
17 1.1666666666666667 59777940
17 0.375 43412546
17 0.7142857142857143 49284508
17 0.7142857142857143 67389568
17 1.75 6871999
17 0.5 31074083
17 0.6666666666666666 37643405
17 0.625 61668770
17 1.0 20807210
17 1.4 20647898
17 0.8571428571428571 28263412
17 0.8333333333333334 22251941
17 1.4 6942713
17 1.75 25304224
17 1.6 8216922
17 2.3333333333333335 520962
17 0.625 37448746
17 1.25 22230325
17 1.0 7057327
17 0.42857142857142855 43419501
17 1.0 13826956
17 1.0 14456299
17 1.75 7503672
17 1.0 9790786
17 1.0 6936615
17 0.5714285714285714 63550000
17 1.0 61559852
17 1.2 27951342
17 1.75 20906768
17 1.75 13788376
17 3.0 27456092
17 0.875 27924229
17 1.1666666666666667 20786727
17 1.25 9798848
17 1.1666666666666667 54662759
17 1.1666666666666667 21999936
17 1.2 63450372
17 0.5714285714285714 31240567
17 0.8333333333333334 63741815
17 0.8333333333333334 30870778
17 0.7142857142857143 11592888
18 0.5 61630185
18 0.5714285714285714 63213816
18 1.0 61664481
18 0.8333333333333334 49251127
18 0.7142857142857143 28061832
18 1.6 19832803
18 1.8 20872247
18 0.625 48176062
18 1.1666666666666667 27258680
18 1.4 60335784
18 1.0 33378124
18 1.0 58241753
18 1.0 37203213
18 0.5714285714285714 63953137
18 0.8 31068026
18 1.1666666666666667 27873614
18 1.8 50524467
18 3.0 45260682
18 2.0 55223702
18 0.5 64128968
18 1.3333333333333333 61524930
18 1.2 34571512
18 0.8333333333333334 9994041
18 1.3333333333333333 54639103
18 1.2 61549207
18 0.3333333333333333 64313651
18 0.8333333333333334 31052091
18 1.0 44827700
18 1.4 14479875
18 1.4 2975667
18 0.8571428571428571 58158498
18 1.4 26784147
18 2.25 27163911
18 1.0 61720687
18 1.2 67227747
18 1.0 61548208
18 0.7142857142857143 11873561
18 0.8333333333333334 61322259
18 0.42857142857142855 42756561
18 1.0 21812980
18 1.4 52832818
18 0.4 63856490
18 0.625 50869575
18 0.5714285714285714 42740783
18 1.4 30697966
18 1.2 15081560
18 1.2 30947258
18 0.8333333333333334 58266448
18 1.1666666666666667 21815185
18 0.875 54775796
18 6.0 3623766
18 0.4444444444444444 67298741
18 1.0 49058293
18 0.8571428571428571 61750880
18 1.2 12928729
18 1.8 52352239
18 0.8333333333333334 47344877
18 1.75 8335056
18 0.8333333333333334 53319891
18 1.4 49193190
18 1.1666666666666667 30949231
18 1.5 21963999
18 1.6 20595513
18 0.8333333333333334 51102891
18 1.2 1581232
18 1.2 5113076
18 1.2 45744244
18 1.8 27648724
18 0.42857142857142855 67341859
18 1.0 19917155
18 0.8333333333333334 63789079
18 0.8333333333333334 28022444
18 1.6 19800378
18 0.6666666666666666 31382107
18 1.6 18999594
18 1.8 54638633
18 2.6666666666666665 35722436
18 1.1666666666666667 4550358
18 0.42857142857142855 42792622
18 0.4 58605058
18 1.5 5195370
18 0.5714285714285714 64266829
18 1.0 50535365
18 0.7142857142857143 63499257
18 1.0 53259082
18 1.4 8270299
18 1.2 34691774
18 0.5 67329247
18 0.3333333333333333 63908253
18 0.8571428571428571 9751174
18 0.5714285714285714 61798018
18 1.1666666666666667 59368712
18 1.4 4409887
18 1.75 27725169
18 0.5 63854409
18 1.2 10020807
18 0.8333333333333334 50400770
18 0.75 49342787
18 1.0 24016275
18 0.7142857142857143 63789375
19 1.1666666666666667 19850460
19 0.8571428571428571 30777732
19 1.1666666666666667 56785638
19 0.375 65233708
19 2.25 20832087
19 0.7142857142857143 28278166
19 0.5 50907269
19 2.0 11621465
19 1.1666666666666667 27353486
19 1.0 20888512
19 1.3333333333333333 54543289
19 1.1666666666666667 20635869
19 0.625 56994570
19 2.0 52729046
19 1.75 10675312
19 1.5 37225690
19 0.5555555555555556 63819305
19 1.3333333333333333 20856624
19 1.6 20859094
19 0.7142857142857143 28288623
19 1.0 50841404
19 0.8571428571428571 27269427
19 0.875 61554554
19 0.8333333333333334 50682426
19 0.8333333333333334 9854425
19 0.6666666666666666 30364830
19 0.8571428571428571 47218749
19 1.2 23921903
19 1.2 22053468
19 1.0 54673142
19 0.7142857142857143 9826045
19 0.5714285714285714 64151644
19 1.4 14943061
19 1.0 49365304
19 1.6 18534499
19 1.8 20613736
19 0.8333333333333334 11629823
19 1.3333333333333333 3890961
19 0.7142857142857143 49167029
19 1.0 52808206
19 1.2 50851839
19 1.0 58142192
19 0.375 43251551
19 1.0 49421476
19 0.625 30453862
19 1.5 20846041
19 0.8 11667611
19 1.25 63569200
19 1.0 30435862
19 0.8333333333333334 11600892
19 1.0 59416767
19 0.5714285714285714 51112817
19 0.375 65327948
19 1.2 30447127
19 0.7142857142857143 22103092
19 2.3333333333333335 10675390
19 0.625 42480433
19 1.6 27227041
19 1.0 54676724
19 1.4 30692444
19 0.5714285714285714 63865670
19 0.7142857142857143 50869369
19 2.6666666666666665 14251373
19 1.4 53276881
19 2.0 20592553
19 0.5714285714285714 63869658
19 1.4 52749828
19 1.0 30495382
19 0.5714285714285714 50886738
19 1.1666666666666667 61294088
19 1.3333333333333333 20879524
19 0.8333333333333334 37202535
19 1.1666666666666667 9383236
19 1.2 30817563
19 0.8333333333333334 59793274
19 1.4 27802773
19 1.0 59323622
19 1.2 49344576
19 1.4 50622878
19 1.4 9383391
19 1.8 61416404
19 1.75 5187875
19 1.4 4468839
19 0.8571428571428571 61559474
19 2.0 19011895
19 1.0 64042429
19 0.8333333333333334 50739934
19 0.7142857142857143 49434567
19 1.0 10001711
19 2.0 55441984
19 0.7142857142857143 30338745
19 1.0 6929539
19 0.8333333333333334 51076221
19 0.5714285714285714 31114023
19 0.8571428571428571 55027350
19 1.5 20846574
19 2.0 2958172
19 0.8333333333333334 64104919
19 0.5714285714285714 47395217
19 1.1666666666666667 19881371
20 0.8333333333333334 30361048
20 0.75 9754724
20 1.25 12907601
20 1.0 11635021
20 1.75 59423202
20 0.8333333333333334 63837461
20 1.1666666666666667 54676282
20 1.0 18572747
20 1.4 22195490
20 0.7142857142857143 28065211
20 1.4 23907310
20 0.42857142857142855 51049981
20 1.0 4505901
20 0.7142857142857143 37594280
20 0.6666666666666666 10056638
20 0.8 65280495
20 0.7142857142857143 49435069
20 0.8571428571428571 58221704
20 0.8571428571428571 22117474
20 1.0 49200952
20 1.0 65137592
20 0.625 67386213
20 1.0 9697785
20 0.625 51852014
20 0.8333333333333334 65190952
20 0.8571428571428571 28268845
20 0.8571428571428571 30893175
20 0.5 63224178
20 0.8571428571428571 61547782
20 2.25 60322984
20 0.6666666666666666 65260961
20 1.4 49171025
20 0.8333333333333334 47569017
20 1.25 14498601
20 0.5555555555555556 54823494
20 0.7142857142857143 28065140
20 1.6 52024158
20 0.7142857142857143 11263412
20 0.8571428571428571 11526967
20 0.8571428571428571 67253216
20 1.6 12847957
20 0.8333333333333334 30340166
20 0.4444444444444444 43223974
20 0.7142857142857143 49405116
20 1.0 23925475
20 1.0 37532037
20 1.8 18457210
20 1.75 18541536
20 1.2 11518982
20 0.8571428571428571 21970207
20 1.0 11321833
20 0.8333333333333334 22102561
20 1.1666666666666667 56863036
20 0.7142857142857143 23976444
20 0.5 49469152
20 1.0 21823586
20 1.4 14354068
20 0.8333333333333334 22163701
20 0.625 67259597
20 1.2 15159034
20 1.2 63002234
20 2.25 9597507
20 0.7142857142857143 11514825
20 2.0 30409473
20 1.2 53274486
20 0.5 31288727
20 1.3333333333333333 52783777
20 0.8333333333333334 46321383
20 0.375 64228836
20 0.5714285714285714 50942422
20 0.7142857142857143 31409364
20 0.8333333333333334 37594577
20 2.25 20752906
20 1.1666666666666667 30697882
20 1.1666666666666667 27931546
20 1.0 50839993
20 0.7142857142857143 61512424
20 1.0 27261326
20 2.3333333333333335 18526470
20 0.625 53319421
20 1.6 53244836
20 1.75 9604054
20 0.8333333333333334 11635895
20 0.6666666666666666 63869448
20 2.0 20623074
20 0.625 63830297
20 1.0 22009993
20 0.625 50671672
20 1.4 61274545
20 1.4 5187874
20 1.0 68367312
20 0.8571428571428571 61727460
20 0.6666666666666666 11701497
20 0.6666666666666666 30914291
20 2.0 52735517
20 2.25 20753012
20 0.8333333333333334 53335109
20 1.2 22007268
20 1.1666666666666667 27936911
20 1.1666666666666667 21054434
21 1.4 9435155
21 2.0 50609937
21 1.0 30503827
21 1.0 61427549
21 1.1666666666666667 56671481
21 0.6666666666666666 36665563
21 0.75 45798653
21 0.6666666666666666 63956576
21 1.0 10016843
21 0.8333333333333334 67027574
21 0.8571428571428571 59443087
21 0.8333333333333334 30999326
21 0.8571428571428571 7038391
21 1.2 9793353
21 1.6 20879904
21 1.0 28327860
21 0.625 63154029
21 2.25 45117815
21 0.8571428571428571 31020875
21 1.0 50684028
21 0.75 63574371
21 1.75 49157729
21 1.2 20901395
21 0.8571428571428571 27733512
21 1.1666666666666667 4486039
21 0.5714285714285714 63815697
21 1.4 20884264
21 1.1666666666666667 63387374
21 0.8333333333333334 60407441
21 0.8571428571428571 45391535
21 1.1666666666666667 18489539
21 1.3333333333333333 52778521
21 1.0 11620740
21 0.6666666666666666 31081486
21 0.8333333333333334 65933827
21 0.5714285714285714 30522586
21 0.5714285714285714 63869697
21 0.8333333333333334 22098436
21 1.0 63453572
21 1.0 61594458
21 1.4 20638864
21 1.0 31033273
21 1.2 33207282
21 1.0 22173340
21 0.8571428571428571 47334729
21 1.2 30762067
21 0.625 42472204
21 0.5 67032083
21 0.42857142857142855 50991673
21 1.2 50853930
21 2.3333333333333335 4431437
21 1.1666666666666667 48121647
21 1.0 11195613
21 1.4 63555499
21 2.3333333333333335 34527231
21 1.2 22234919
21 0.375 43270851
21 1.6 2560512
21 1.1428571428571428 52785010
21 1.1666666666666667 45679004
21 1.0 52337123
21 1.6 20817257
21 1.2 37225179
21 1.0 48047764
21 0.5 42545650
21 2.0 45250935
21 1.1666666666666667 9623425
21 1.75 8260402
21 1.6 54618523
21 1.75 8316131
21 1.6 44785081
21 1.1666666666666667 30401420
21 1.4 20862077
21 0.375 63252011
21 1.1666666666666667 27801955
21 2.25 45725356
21 1.1428571428571428 20878509
21 0.6666666666666666 37358522
21 2.6666666666666665 11126764
21 2.25 13806343
21 1.5 27910363
21 1.0 64563957
21 1.1666666666666667 50594990
21 1.4 20624967
21 0.8571428571428571 58105434
21 0.5714285714285714 63174897
21 0.7142857142857143 50830859
21 0.8571428571428571 30777724
21 1.2 30757351
21 0.7142857142857143 63611889
21 0.8333333333333334 7011183
21 1.6 55607597
21 0.8571428571428571 37226407
21 0.8571428571428571 49226308
21 0.8571428571428571 30285220
21 1.2 5220213
21 1.2 60366989
21 1.3333333333333333 19886937
21 1.2 37234453
21 0.8571428571428571 50412972
22 1.2 21042974
22 1.8 61402170
22 1.6 26608102
22 1.0 63471557
22 1.4 45737645
22 0.8333333333333334 31232287
22 1.4 50394116
22 0.5555555555555556 61343083
22 0.4 42420727
22 0.7142857142857143 37609152
22 1.2 53203034
22 1.2 63636507
22 0.5555555555555556 54828990
22 1.2 52802095
22 1.1666666666666667 20626837
22 1.0 49205840
22 1.8 21934235
22 0.7142857142857143 50828360
22 3.0 19752753
22 0.625 50431134
22 1.0 22105797
22 1.8 45361052
22 2.5 44780849
22 1.0 50357108
22 0.8333333333333334 31420401
22 0.7142857142857143 6898367
22 0.6666666666666666 11847474
22 0.7142857142857143 51850813
22 1.8 23880591
22 1.0 58484672
22 0.4444444444444444 63186553
22 2.0 14373459
22 1.3333333333333333 56471517
22 1.4 49182303
22 0.3 64227334
22 1.0 63381582
22 0.8333333333333334 47289528
22 0.8571428571428571 56807017
22 0.5714285714285714 63224912
22 2.6666666666666665 14917614
22 0.7142857142857143 61512114
22 0.8571428571428571 49109756
22 0.8333333333333334 30603718
22 0.5714285714285714 10054126
22 1.0 63028268
22 0.7142857142857143 63837176
22 1.0 27713083
22 0.8571428571428571 50746017
22 1.1666666666666667 45322921
22 0.5 50889901
22 0.8333333333333334 61323758
22 1.0 61550157
22 0.6666666666666666 65262573
22 1.4 8298600
22 1.0 45790025
22 0.6666666666666666 63812624
22 0.3333333333333333 64307092
22 1.6 23883153
22 1.25 9462521
22 1.6 44755059
22 0.5 67405653
22 1.4 5111757
22 1.2 53300369
22 1.2 21994140
22 1.2 30888974
22 1.6 18519690
22 1.0 11598433
22 1.2 44863494
22 1.2 9784412
22 2.3333333333333335 4295650
22 1.2 14529062
22 1.2 30882735
22 0.625 47264046
22 1.0 48960285
22 0.7142857142857143 49333320
22 1.6 52371814
22 1.75 9765345
22 1.6 54084864
22 0.8571428571428571 50591441
22 1.2 20917317
22 0.8333333333333334 11601248
22 0.8333333333333334 49256202
22 1.1666666666666667 56767716
22 1.1666666666666667 58234202
22 1.0 63628972
22 1.4 6842367
22 2.25 18443213
22 1.2 22074947
22 1.0 30446009
22 1.0 33258044
22 0.75 31022058
22 1.4 63366492
22 2.25 6825549
22 1.1666666666666667 56625173
22 1.0 11411320
22 1.4 49382163
22 0.8333333333333334 53323700
22 1.5 22052940
22 1.1666666666666667 21921795
22 1.4 5184818
23 1.6 30739924
23 0.8571428571428571 52802185
23 0.3333333333333333 64228821
23 1.3333333333333333 44784696
23 1.6 20633520
23 1.4 47201216
23 1.3333333333333333 55525703
23 0.8333333333333334 30804896
23 0.4 63859074
23 1.4 47546496
23 0.8571428571428571 63136712
23 0.7142857142857143 31228082
23 1.4 18525664
23 0.8571428571428571 61664618
23 1.4 58226929
23 0.6666666666666666 52807966
23 1.0 55585926
23 1.2 30615508
23 0.5555555555555556 61834613
23 1.2 30760912
23 1.0 27783685
23 0.8333333333333334 30993699
23 1.4 27874728
23 1.0 7051882
23 0.8571428571428571 28315413
23 0.625 51850643
23 0.8333333333333334 31147187
23 1.2 14494338
23 1.0 50642483
23 1.0 30598513
23 1.5 54607006
23 0.8 42544973
23 1.1666666666666667 25316675
23 0.8333333333333334 61688538
23 1.0 63652153
23 0.8571428571428571 31014249
23 1.0 49421367
23 0.8333333333333334 15169546
23 1.4 47201043
23 1.1666666666666667 19802347
23 0.625 64103459
23 1.2 56482362
23 0.42857142857142855 31470342
23 1.6 56677518
23 1.0 63265829
23 0.8571428571428571 61673962
23 1.0 27617587
23 0.8333333333333334 61687015
23 1.0 11535487
23 1.1666666666666667 56724851
23 1.2 51778092
23 0.5714285714285714 51166462
23 1.1666666666666667 58136102
23 0.8571428571428571 63597845
23 1.1666666666666667 44809892
23 1.4 61556657
23 0.8333333333333334 46385169
23 2.6666666666666665 11333562
23 0.7142857142857143 64123034
23 1.0 61499916
23 1.0 27922463
23 1.6 52371813
23 1.2 23901382
23 0.8571428571428571 31029777
23 2.25 14371011
23 0.75 30985863
23 0.8333333333333334 66031749
23 1.6 4465474
23 0.8333333333333334 46385194
23 1.0 50734398
23 0.8333333333333334 45860469
23 1.3333333333333333 23883027
23 0.5 63184247
23 0.625 67465451
23 1.3333333333333333 45719044
23 0.5 31378590
23 1.1666666666666667 61500052
23 1.0 9979543
23 1.4 48062884
23 1.1666666666666667 30697218
23 1.1666666666666667 63555496
23 1.0 54097884
23 1.2 9980715
23 0.5555555555555556 57040103
23 0.625 61834921
23 0.5714285714285714 51121300
23 1.4 27356299
23 0.8571428571428571 54689089
23 1.5 9426607
23 0.7142857142857143 48990727
23 1.0 45855094
23 0.8571428571428571 58105438
23 1.1666666666666667 49219066
23 1.0 23951635
23 1.5 37215044
23 1.4 49359716
23 1.4 5105441
23 1.2 49223255
23 0.6666666666666666 30466113
23 1.0 10000868
24 1.0 9783999
24 0.8333333333333334 49401713
24 1.0 47342421
24 1.2 14380634
24 1.6 61514116
24 0.625 50832411
24 1.0 50660928
24 1.0 27911941
24 1.1666666666666667 44790210
24 0.5 51166449
24 1.1666666666666667 9623303
24 1.4 53235134
24 0.8571428571428571 59557334
24 0.7142857142857143 31050726
24 1.8 54284070
24 0.7142857142857143 51144966
24 1.75 20821643
24 0.8333333333333334 28009156
24 0.8571428571428571 59455320
24 1.4 46624855
24 1.1666666666666667 65488327
24 2.0 8313781
24 0.7142857142857143 63525381
24 1.2 46173274
24 0.8571428571428571 58304082
24 1.6 20838711
24 1.1666666666666667 9775000
24 1.4 63371068
24 0.75 61754902
24 0.8333333333333334 30903646
24 1.0 50851826
24 0.8571428571428571 56795537
24 0.8333333333333334 50430877
24 0.8571428571428571 63730362
24 1.1666666666666667 53304631
24 0.8571428571428571 50851497
24 1.0 22074975
24 1.4 18526127
24 1.0 67365442
24 1.0 50644009
24 0.8571428571428571 57864238
24 0.625 31410425
24 1.0 50411425
24 1.2 22005074
24 1.0 9781873
24 1.0 49337670
24 0.5714285714285714 64151112
24 2.5 20741057
24 1.4 13818514
24 1.0 37231884
24 1.75 36883881
24 1.5 5027792
24 1.5 14378947
24 0.5714285714285714 50714441
24 0.7142857142857143 48204770
24 0.8571428571428571 56927018
24 0.7142857142857143 61734083
24 0.8333333333333334 49434574
24 0.7142857142857143 61583262
24 1.3333333333333333 47200462
24 0.625 50830456
24 1.6 14409170
24 1.0 30443090
24 0.8571428571428571 61545219
24 0.8571428571428571 63132204
24 1.75 14322546
24 2.0 20769012
24 2.3333333333333335 22000690
24 0.8333333333333334 46372319
24 1.6 44812571
24 1.2 59416248
24 1.1666666666666667 44809325
24 0.5714285714285714 63783559
24 1.6 46602195
24 1.3333333333333333 63365112
24 1.4 63557473
24 1.6 4382044
24 0.5714285714285714 11651169
24 0.8333333333333334 46372321
24 2.0 6701499
24 1.2 20645406
24 1.0 49217738
24 1.2 30703445
24 0.8 36671764
24 1.5 12827611
24 1.0 31035762
24 1.6 4436271
24 1.2 9791596
24 0.4444444444444444 50941209
24 1.1666666666666667 54664715
24 0.8333333333333334 50860511
24 1.0 61315723
24 0.8333333333333334 63958403
24 1.4 10008831
24 1.0 30503548
24 1.0 50753497
24 0.8571428571428571 54706407
24 1.0 27941646
24 0.8571428571428571 58034395
24 1.0 49416958
25 1.75 61482803
25 1.1666666666666667 27854880
25 0.8333333333333334 65229327
25 0.8333333333333334 63709713
25 1.1666666666666667 20805619
25 1.0 45855070
25 1.4 4414572
25 1.1666666666666667 58150052
25 0.5714285714285714 31067390
25 1.0 30350637
25 1.1666666666666667 45849974
25 1.75 2914817
25 1.4 14450310
25 1.0 30985913
25 1.0 46251533
25 1.1666666666666667 5184414
25 1.0 20896519
25 0.8333333333333334 11687082
25 0.4444444444444444 63864547
25 0.75 50818096
25 1.0 47334836
25 0.625 61571914
25 0.5 51177341
25 1.75 8253337
25 1.0 33206530
25 1.4 15030268
25 1.4 49211358
25 1.4 6929646
25 0.8571428571428571 20915878
25 0.75 50837982
25 0.8571428571428571 33205515
25 0.5 50945130
25 1.5 21924589
25 3.3333333333333335 14330656
25 1.0 50356048
25 0.6666666666666666 31077932
25 1.4 45779176
25 0.8571428571428571 11254924
25 0.5555555555555556 61835686
25 1.6 52727419
25 1.0 37213795
25 1.0 4502664
25 1.0 50834116
25 0.8333333333333334 11690360
25 0.75 20935591
25 1.0 11618168
25 1.4 45005204
25 2.25 13803000
25 0.5 31070047
25 0.8571428571428571 63444430
25 0.8571428571428571 31024511
25 0.375 42756369
25 1.3333333333333333 30739921
25 1.0 47230048
25 0.5 63801076
25 1.0 22129872
25 0.6666666666666666 11645436
25 1.1666666666666667 27944199
25 0.6666666666666666 65173612
25 1.3333333333333333 61514113
25 1.1666666666666667 63665441
25 1.5 61507964
25 1.0 53309903
25 1.0 63655323
25 0.7142857142857143 63040122
25 2.0 4398249
25 0.75 61674513
25 0.7142857142857143 49434993
25 0.8571428571428571 52798662
25 0.8571428571428571 10017743
25 1.0 50646863
25 1.0 30781195
25 0.5 63812621
25 0.8571428571428571 14455899
25 1.3333333333333333 14410151
25 1.1666666666666667 22056598
25 1.1666666666666667 20883635
25 0.3333333333333333 64202584
25 1.0 58214840
25 1.1666666666666667 44809332
25 3.0 54591338
25 1.1666666666666667 23914257
25 1.4 61501757
25 1.4 14406508
25 1.2 54765102
25 0.7142857142857143 61342295
25 1.4 9777263
25 0.625 63834706
25 2.25 14327668
25 0.7142857142857143 11690953
25 1.6 20874043
25 2.0 9731731
25 1.0 54664053
25 1.3333333333333333 54608839
25 0.7142857142857143 63144559
25 1.4 4470851
25 1.0 50851823
25 1.4 27940586
25 1.2 47196171
25 1.3333333333333333 14409753
26 0.5 63801640
26 0.75 48953585
26 1.4 61653589
26 1.3333333333333333 18533780
26 2.0 20814713
26 1.1666666666666667 56865633
26 0.8571428571428571 63136749
26 0.7142857142857143 49434575
26 1.5 21825471
26 1.1666666666666667 56748429
26 0.7142857142857143 30904298
26 1.0 23964404
26 1.1666666666666667 51774564
26 0.5555555555555556 50918849
26 1.0 45843914
26 0.6666666666666666 67399142
26 0.8333333333333334 49242275
26 1.1666666666666667 44825900
26 1.1666666666666667 18525327
26 0.8571428571428571 61680818
26 0.8571428571428571 49343004
26 1.8 21931177
26 1.6 51755801
26 1.0 23924290
26 1.0 67213606
26 0.7142857142857143 11534328
26 0.8333333333333334 49239886
26 3.0 9491769
26 1.4 54637409
26 1.1666666666666667 51741860
26 1.6 51472510
26 1.0 50738905
26 1.1666666666666667 20884964
26 1.1666666666666667 21781845
26 1.0 51475020
26 1.4 61696649
26 0.625 31000378
26 1.1666666666666667 44860287
26 0.6666666666666666 51166477
26 1.2 53310063
26 1.1666666666666667 44786936
26 1.75 9776392
26 1.6 20768465
26 1.1666666666666667 54664789
26 0.5 67405929
26 1.4 49183568
26 0.5 67283839
26 1.4 4470876
26 0.7142857142857143 31058388
26 0.8333333333333334 63585358
26 0.7142857142857143 31003441
26 1.1666666666666667 55534740
26 1.5 30408520
26 1.4 20821642
26 1.6 52763765
26 1.0 49396536
26 0.625 59811325
26 1.0 9841294
26 1.75 14367863
26 1.0 9649853
26 0.8571428571428571 61677902
26 0.8571428571428571 50822207
26 1.1666666666666667 45849858
26 0.8333333333333334 6898523
26 1.0 47237626
26 1.0 22050977
26 0.7142857142857143 63199041
26 0.8333333333333334 37243793
26 1.75 22066463
26 1.5 54062205
26 0.6666666666666666 50765695
26 1.1666666666666667 48062225
26 0.8571428571428571 58275106
26 0.7142857142857143 49254032
26 1.2 14380607
26 0.5555555555555556 60485587
26 1.0 31003261
26 2.0 20880840
26 0.4444444444444444 63210193
26 0.8333333333333334 11592279
26 1.2 7001596
26 1.5 11524872
26 0.5 65286551
26 1.4 23420560
26 1.1666666666666667 52747269
26 0.5555555555555556 48199418
26 0.625 31002911
26 1.3333333333333333 52764487
26 1.5 30275967
26 0.7142857142857143 31136049
26 0.8571428571428571 27908854
26 1.0 50757495
26 0.8571428571428571 63596133
26 1.6 20768225
26 0.8333333333333334 22103292
26 1.75 12818996
26 1.5 11614366
26 2.0 62955197
26 1.3333333333333333 4477729
26 1.0 61512172
27 1.0 11622108
27 1.6 61481710
27 1.0 63384680
27 0.75 50851815
27 1.4 9748755
27 1.0 49240102
27 1.6 49189717
27 1.1666666666666667 57858997
27 1.6 62957745
27 0.8571428571428571 51133531
27 1.0 11254240
27 2.0 49172203
27 2.25 16856955
27 0.7142857142857143 50928514
27 0.625 31139297
27 1.3333333333333333 51755639
27 0.8333333333333334 62954038
27 1.1666666666666667 61429459
27 0.8571428571428571 63573549
27 1.0 11443113
27 0.8571428571428571 48954947
27 0.7142857142857143 63973264
27 2.0 4479857
27 0.75 49342766
27 1.2 59559110
27 0.5714285714285714 63954530
27 1.4 4487312
27 1.4 53304747
27 1.1666666666666667 49199797
27 1.1666666666666667 54664761
27 0.8333333333333334 30791492
27 1.2 48117642
27 1.0 22007821
27 0.7142857142857143 46311648
27 1.0 49206485
27 1.0 56749961
27 1.3333333333333333 55525760
27 1.2 30777386
27 1.0 49196653
27 1.1666666666666667 45771057
27 0.8333333333333334 65255788
27 1.1666666666666667 51774400
27 0.5714285714285714 63867452
27 1.4 47225432
27 2.25 4396510
27 1.25 30336425
27 0.8571428571428571 50752706
27 0.375 51185435
27 0.7142857142857143 61571864
27 1.2 9793379
27 2.0 18534959
27 1.0 57914426
27 0.42857142857142855 67405883
27 0.7142857142857143 46310268
27 1.0 61501649
27 0.7142857142857143 63967802
27 1.1666666666666667 58231735
27 1.4 54736406
27 1.75 30403754
27 1.3333333333333333 44811111
27 1.8 19831463
27 1.6 21932633
27 1.4 51457074
27 1.75 11217029
27 0.75 63597416
27 1.0 9696891
27 1.1666666666666667 4319198
27 0.42857142857142855 51189533
27 1.1666666666666667 58827685
27 1.1666666666666667 23806325
27 2.25 4389912
27 1.3333333333333333 56739862
27 1.3333333333333333 4476421
27 0.7142857142857143 50868962
27 1.4 45781796
27 1.5 36646095
27 1.0 49150586
27 0.8333333333333334 61350890
27 0.6666666666666666 24116287
27 0.6666666666666666 31155211
27 1.0 24078382
27 1.75 9777244
27 0.5 64094599
27 1.0 11599915
27 1.6 44531595
27 1.2 59543939
27 1.1666666666666667 20866192
27 1.2 6880315
27 0.42857142857142855 63999528
27 0.6666666666666666 63189590
27 1.1666666666666667 46287091
27 0.5 50444133
27 1.4 22062101
27 0.8333333333333334 11863780
27 1.4 18525986
27 0.8333333333333334 65167024
27 1.0 61553974
27 0.6666666666666666 63066586
27 0.5714285714285714 50914335
27 0.8571428571428571 49421357
28 1.75 12825168
28 0.625 63830262
28 0.8571428571428571 61754085
28 0.8333333333333334 65271689
28 0.5 67379719
28 0.625 64117571
28 1.2 21824631
28 0.8571428571428571 31026607
28 1.3333333333333333 56721825
28 1.0 53281054
28 2.25 4305957
28 1.1666666666666667 22062095
28 1.2 11524870
28 1.2 9753151
28 1.0 47231213
28 1.0 50663446
28 1.6 44512367
28 1.3333333333333333 56737471
28 1.1666666666666667 49215297
28 0.5714285714285714 51154275
28 1.1666666666666667 27941683
28 0.7142857142857143 67206531
28 1.4 9771397
28 1.75 47962690
28 1.0 27976218
28 1.2 49176238
28 1.4 49363950
28 0.5714285714285714 65172622
28 0.5 51157621
28 1.0 20827098
28 0.6666666666666666 30470242
28 0.5714285714285714 67399141
28 1.4 51768127
28 1.2 11225689
28 1.0 49207173
28 1.0 63445574
28 0.8571428571428571 49396534
28 0.8333333333333334 50860524
28 1.6 4474113
28 1.6 20629290
28 1.0 22050562
28 1.25 11235647
28 1.4 21916258
28 1.3333333333333333 56675011
28 1.1666666666666667 56723859
28 1.0 9840477
28 1.6 20768218
28 0.8333333333333334 50757153
28 1.0 30358375
28 1.0 11453313
28 1.6 13859591
28 1.1666666666666667 27940522
28 0.8571428571428571 31027487
28 1.0 7139037
28 1.2 27367137
28 1.0 36703625
28 1.0 11595052
28 1.6 20768979
28 1.5 52001110
28 0.8333333333333334 30452782
28 1.6 13865299
28 0.8571428571428571 61310372
28 0.7142857142857143 67218534
28 0.8333333333333334 7109837
28 0.8571428571428571 61599296
28 0.8571428571428571 11442498
28 1.25 30425277
28 0.625 64121314
28 1.4 58023080
28 1.4 51757083
28 0.5714285714285714 50905066
28 1.0 28022601
28 1.3333333333333333 20814513
28 2.25 4393449
28 1.75 9691737
28 1.2 9757232
28 1.4 9688074
28 1.1666666666666667 22002727
28 0.8333333333333334 59461937
28 2.0 20880483
28 0.8571428571428571 31027803
28 1.4 4406287
28 1.0 22050561
28 1.0 62977117
28 0.8333333333333334 9799270
28 1.6 20768135
28 1.4 14367860
28 1.0 11443324
28 1.0 46301368
28 0.8571428571428571 49205627
28 1.0 9789103
28 1.2 54732003
28 1.6 44785238
28 1.0 65271681
28 0.7142857142857143 50929618
28 0.8333333333333334 63058795
28 1.2 59559106
28 1.6 52686798
28 1.1666666666666667 22064224
28 1.6 46236326
29 1.4 45781793
29 0.5 51166471
29 1.4 49175074
29 0.5714285714285714 67399091
29 1.75 9721531
29 1.0 50643978
29 1.6 18531907
29 1.2 54691997
29 1.6 20622982
29 0.8571428571428571 56511180
29 0.8333333333333334 47324989
29 0.8571428571428571 54690807
29 0.5714285714285714 63189589
29 1.4 9611091
29 0.5 63986224
29 1.0 4511864
29 0.625 63940191
29 1.4 14353823
29 0.5714285714285714 67054156
29 1.75 15055579
29 0.5714285714285714 42420641
29 0.6666666666666666 42421592
29 1.6 20816767
29 0.7142857142857143 47237624
29 1.2 4326330
29 1.4 27725130
29 1.6 14413236
29 0.7142857142857143 59470121
29 0.625 65269181
29 1.3333333333333333 45005725
29 1.0 49228607
29 1.0 11601252
29 1.6 56740948
29 1.0 63462204
29 0.75 61745163
29 0.8333333333333334 63040474
29 0.5 51157603
29 0.8571428571428571 63136659
29 1.2 9984178
29 1.3333333333333333 61485431
29 0.8333333333333334 68377071
29 1.4 47205588
29 1.0 48117640
29 1.4 9771396
29 0.375 51189535
29 0.8333333333333334 50832675
29 0.625 63959271
29 1.0 11620428
29 0.5 63867504
29 0.8571428571428571 61491963
29 1.2 20917318
29 1.0 9791150
29 0.625 63150470
29 1.5 15067662
29 2.25 27585959
29 1.6 52729736
29 1.4 46242977
29 1.0 37213758
29 0.8 37371578
29 1.2 9849074
29 1.3333333333333333 44533667
29 0.5714285714285714 63954528
29 0.8333333333333334 11462882
29 1.2 45683166
29 0.75 63715712
29 0.6666666666666666 11651684
29 1.6 20736214
29 1.0 9758692
29 0.8571428571428571 7098039
29 0.375 63999606
29 0.5714285714285714 63986222
29 1.0 11635903
29 1.1666666666666667 48119805
29 1.1666666666666667 20886523
29 0.8333333333333334 22103291
29 1.6 51455967
29 1.4 9723528
29 1.0 61555700
29 0.8333333333333334 59549128
29 1.4 11227670
29 0.8333333333333334 41229974
29 2.0 47962048
29 1.1666666666666667 63095193
29 1.0 48125398
29 1.2 51758293
29 0.5714285714285714 51154273
29 1.0 46246272
29 0.6666666666666666 59574704
29 1.2 12827612
29 1.3333333333333333 52737882
29 1.6 23879345
29 1.0 58142529
29 0.7142857142857143 51144961
29 1.6 20876454
29 1.4 9735881
29 1.4 45781770
29 1.0 50834115
29 1.3333333333333333 56737586
29 1.2 45681336
29 1.6 63278816
30 1.0 30703447
30 0.625 67274218
30 1.0 50661006
30 1.2 36641924
30 2.0 9563108
30 0.7142857142857143 61670563
30 1.0 11593051
30 0.7142857142857143 59549120
30 0.8333333333333334 50607500
30 1.1666666666666667 22000489
30 0.7142857142857143 61670472
30 1.0 9754369
30 1.0 18565498
30 1.1666666666666667 54733992
30 2.0 9718581
30 0.8571428571428571 49149979
30 1.4 45772868
30 1.0 50750925
30 1.4 22025970
30 0.8333333333333334 50682525
30 1.3333333333333333 20768216
30 1.2 9760465
30 0.75 58294295
30 1.0 62944813
30 1.6 9731729
30 0.7142857142857143 41229969
30 1.0 46290584
30 1.2 11457273
30 1.3333333333333333 20768219
30 1.4 18498557
30 1.8 13806415
30 1.75 63020889
30 0.8333333333333334 49406701
30 0.7142857142857143 63942465
30 1.1666666666666667 20821845
30 0.7142857142857143 47245982
30 0.7142857142857143 59549123
30 0.8571428571428571 49205821
30 0.8571428571428571 61494680
30 1.2 9849073
30 1.0 59544309
30 1.5 20661915
30 0.5 47347781
30 0.7142857142857143 49405144
30 1.2 9753223
30 1.0 56690654
30 0.7142857142857143 63122046
30 0.8333333333333334 54742074
30 1.3333333333333333 44512362
30 1.0 20917315
30 2.0 9573892
30 1.4 56744717
30 2.0 20880479
30 0.75 49226190
30 0.7142857142857143 63058796
30 1.0 9866561
30 1.4 22060655
30 1.2 27953128
30 2.25 47961406
30 0.8571428571428571 49396551
30 0.7142857142857143 49434996
30 0.8333333333333334 49405054
30 1.0 49411163
30 1.0 11637632
30 0.5714285714285714 59574696
30 1.0 56943308
30 1.0 11485445
30 0.8571428571428571 61312197
30 0.8571428571428571 49207107
30 1.0 27931508
30 1.6 61483815
30 1.0 51758025
30 1.2 49203856
30 0.6666666666666666 67224225
30 0.8571428571428571 50751594
30 1.1666666666666667 54736402
30 0.7142857142857143 28279263
30 2.25 18976176
30 1.0 9450483
30 0.8333333333333334 49405050
30 1.1666666666666667 61406581
30 1.1666666666666667 49218145
30 0.5 51118559
30 1.4 49157723
30 1.0 11484607
30 1.1666666666666667 54771858
30 1.6 20816577
30 0.7142857142857143 63122045
30 1.3333333333333333 20768217
30 1.3333333333333333 49189747
30 1.2 47320172
30 1.1666666666666667 56684672
30 0.7142857142857143 63401831
30 0.7142857142857143 49405141
30 1.0 30781688
30 1.1666666666666667 54729647
30 1.0 9806466
30 0.625 67390654
30 0.8333333333333334 50920040
30 1.25 9705059
31 1.0 14459418
31 1.4 45772872
31 1.5 30350858
31 1.4 20635985
31 1.4 49201087
31 1.6 4474112
31 1.4 51768190
31 1.6 18466215
31 1.6 20879720
31 2.0 4479835
31 1.4 44809905
31 0.75 31033137
31 0.7142857142857143 11599102
31 0.6666666666666666 11710597
31 0.8571428571428571 9785769
31 1.0 11462536
31 0.5714285714285714 50444131
31 1.0 23936018
31 1.2 27911761
31 0.6666666666666666 67224222
31 1.3333333333333333 56738395
31 0.8333333333333334 11595071
31 2.25 27583737
31 0.8333333333333334 11635286
31 1.4 51768188
31 1.0 50602645
31 1.1666666666666667 51768121
31 1.6 20858008
31 1.2 51758107
31 0.625 47339657
31 0.6666666666666666 65173808
31 1.1666666666666667 44809874
31 0.5714285714285714 63865356
31 1.4 20636196
31 0.6666666666666666 67329082
31 1.4 22062094
31 1.4 45679859
31 2.25 9560933
31 1.1666666666666667 51756743
31 0.5 61694122
31 0.625 49432282
31 0.625 49401495
31 0.7142857142857143 63040472
31 1.6 20880480
31 0.5714285714285714 63865308
31 0.6666666666666666 65173812
31 0.8571428571428571 50751394
31 1.6 45728417
31 1.0 10019957
31 1.1666666666666667 47205586
31 0.8571428571428571 49226760
31 1.4 49064430
31 1.2 36645815
31 1.6 4315222
31 0.5 31158167
31 1.1666666666666667 54664777
31 0.7142857142857143 61670470
31 0.5714285714285714 31078795
31 0.8333333333333334 50873536
31 0.6666666666666666 63865355
31 0.7142857142857143 59566566
31 1.0 50671661
31 1.2 22052322
31 0.8571428571428571 27960964
31 0.6666666666666666 67224268
31 2.25 9559264
31 1.1666666666666667 45781767
31 1.1666666666666667 49215004
31 1.4 30262524
31 0.7142857142857143 50919815
31 1.1666666666666667 20808368
31 0.7142857142857143 47342433
31 1.1666666666666667 21916256
31 0.7142857142857143 50830811
31 1.6 18533888
31 0.625 47322993
31 0.7142857142857143 11598989
31 1.0 30688953
31 1.2 11453316
31 1.1666666666666667 56671558
31 1.4 4322383
31 0.7142857142857143 47342427
31 1.0 47320170
31 0.6666666666666666 63623455
31 1.0 9750456
31 0.625 63203039
31 0.6666666666666666 11712708
31 0.7142857142857143 50833020
31 0.7142857142857143 49434994
31 1.2 27412326
31 1.6 20874679
31 1.0 58239976
31 1.0 58035359
31 1.4 22062423
31 1.0 11456221
31 0.7142857142857143 59566572
31 0.6666666666666666 67224178
31 1.4 47225827
31 0.7142857142857143 49427542
31 1.2 50754168
32 1.4 62942243
32 0.5 49449772
32 0.8571428571428571 49411159
32 0.8 11298912
32 1.4 20866341
32 1.3333333333333333 56737221
32 1.4 51768123
32 1.0 6971406
32 1.3333333333333333 20879240
32 1.0 50592610
32 1.2 21825468
32 1.0 50839710
32 1.0 10019956
32 1.1666666666666667 5110206
32 0.625 59549122
32 0.5714285714285714 65173807
32 1.1666666666666667 51768173
32 1.4 5111903
32 1.6 20880478
32 1.6 4479834
32 1.5 11434631
32 1.2 9442898
32 1.6 62939319
32 0.7142857142857143 61342305
32 1.0 59559826
32 0.4444444444444444 64235857
32 1.1666666666666667 46242971
32 0.5714285714285714 67224224
32 1.2 47218922
32 0.5714285714285714 65173798
32 0.7142857142857143 50870098
32 0.5714285714285714 50889909
32 2.0 9410203
32 1.0 21827781
32 1.0 49203852
32 1.1666666666666667 49157721
32 1.2 18501808
32 1.6 9719902
32 1.6 45777301
32 0.8571428571428571 63051352
32 0.7142857142857143 11484398
32 1.6 4403886
32 0.8571428571428571 49102923
32 2.0 27592582
32 1.6 20631771
32 1.4 54664781
32 0.4 63849508
32 1.0 21827782
32 0.8571428571428571 47334965
32 1.4 27790625
32 1.1666666666666667 22065214
32 1.6 44990243
32 1.1666666666666667 45772865
32 1.1666666666666667 58224940
32 1.0 50845703
32 1.0 47335690
32 0.7142857142857143 50830823
32 0.5714285714285714 63623375
32 0.5714285714285714 65173810
32 1.4 27350626
32 0.8571428571428571 31025360
32 0.625 63737907
32 0.625 49405143
32 1.1666666666666667 22060654
32 1.0 47218908
32 1.4 44809910
32 2.0 14342119
32 1.0 61553558
32 0.7142857142857143 50760907
32 2.25 47961591
32 1.1666666666666667 20860902
32 1.3333333333333333 52729735
32 0.7142857142857143 63698995
32 1.1666666666666667 51768175
32 1.3333333333333333 18534489
32 1.2 59443057
32 1.0 50851827
32 0.5714285714285714 11712351
32 1.1666666666666667 49215303
32 0.8571428571428571 63394949
32 1.2 46290614
32 0.8571428571428571 56779044
32 1.4 45772848
32 0.8571428571428571 47230041
32 1.75 9604120
32 0.5 47350559
32 0.625 61670562
32 1.8 20836700
32 0.8571428571428571 9791149
32 0.625 47324983
32 0.4444444444444444 63853518
32 0.7142857142857143 50920038
32 1.6 20879600
32 1.4 4321506
32 0.5 63801145
32 1.6 20876447
32 1.0 49203854
32 0.625 50919811
32 0.8333333333333334 63611850
32 1.4 22061596
33 0.625 57920300
33 1.3333333333333333 20879238
33 1.0 50840928
33 0.625 50759827
33 0.8571428571428571 51788209
33 1.2 30270075
33 1.0 30283154
33 0.8333333333333334 65167221
33 1.0 50839968
33 1.5 9753204
33 1.4 27350625
33 1.2 49230784
33 1.3333333333333333 20877340
33 0.625 67258180
33 1.0 11589548
33 1.0 50822212
33 1.1666666666666667 20808369
33 0.8333333333333334 57889993
33 0.8333333333333334 65167217
33 1.4 5111888
33 0.5714285714285714 63623373
33 0.8333333333333334 31002731
33 1.0 50851732
33 0.5 31106099
33 1.1666666666666667 22062421
33 1.75 14451838
33 1.1666666666666667 48045328
33 1.4 9770633
33 1.1666666666666667 22062422
33 1.0 47218917
33 2.0 9710120
33 0.625 51139849
33 1.1666666666666667 22062781
33 1.2 30299732
33 0.8571428571428571 11616553
33 0.8571428571428571 11456274
33 0.5 63843459
33 1.4 9765425
33 0.625 49435060
33 1.0 50839961
33 1.2 44856118
33 0.8333333333333334 67206688
33 1.4 51822421
33 0.7142857142857143 31055705
33 1.0 15165115
33 1.0 58214839
33 1.0 9759000
33 0.8571428571428571 50839734
33 0.8571428571428571 63381222
33 1.0 31078539
33 1.4 20821819
33 0.8571428571428571 54690859
33 0.7142857142857143 63611927
33 0.7142857142857143 50760159
33 0.5714285714285714 63623451
33 2.0 4379071
33 1.0 6971410
33 0.7142857142857143 49255779
33 0.8333333333333334 67218781
33 1.0 47335687
33 0.8571428571428571 50851800
33 1.2 61564302
33 1.75 9691011
33 1.0 44818633
33 1.0 59443053
33 0.8333333333333334 67218691
33 1.1666666666666667 49064429
33 1.3333333333333333 20875621
33 1.2 58242389
33 0.7142857142857143 50869590
33 0.7142857142857143 65154906
33 1.2 44856114
33 1.1666666666666667 45735338
33 0.8333333333333334 67218735
33 1.2 20943884
33 1.6 20875620
33 1.6 56737582
33 0.625 50918917
33 0.625 63789012
33 1.1666666666666667 22062093
33 1.2 51820761
33 1.0 9791560
33 0.8333333333333334 50671660
33 1.1666666666666667 22065213
33 1.1666666666666667 58031178
33 0.8333333333333334 49240498
33 0.7142857142857143 50869591
33 1.2 30283196
33 1.0 30282981
33 0.7142857142857143 67218737
33 1.0 15065186
33 1.6 14340276
33 0.5714285714285714 67224174
33 0.7142857142857143 48990464
33 1.1666666666666667 9621206
33 1.1666666666666667 48039813
33 0.7142857142857143 63585820
33 1.1666666666666667 47194054
33 1.0 30444987
33 1.6 20816760
34 1.1666666666666667 27790624
34 1.3333333333333333 4402188
34 1.1666666666666667 51754020
34 0.5 67224266
34 1.1666666666666667 51756821
34 0.7142857142857143 65167213
34 0.7142857142857143 61512325
34 1.6 9719895
34 0.625 64100667
34 0.4444444444444444 63801055
34 1.0 5118217
34 0.7142857142857143 67218689
34 0.8333333333333334 47237818
34 0.8571428571428571 50839736
34 0.75 61562367
34 0.5 63168312
34 0.8571428571428571 49421447
34 1.2 49228361
34 1.4 30279510
34 1.0 63754776
34 1.0 58247810
34 1.3333333333333333 45777315
34 1.3333333333333333 20874677
34 1.3333333333333333 20876117
34 0.8 11298908
34 1.2 63132593
34 0.7142857142857143 61512416
34 1.2 5027273
34 1.2 50660986
34 0.5555555555555556 63791386
34 1.4 4406753
34 0.7142857142857143 50870087
34 1.2 9791634
34 1.0 22050892
34 1.0 9751078
34 1.2 9791630
34 1.2 61680789
34 0.8 31078536
34 1.1666666666666667 46242954
34 0.4444444444444444 63213975
34 1.4 44991284
34 0.625 50870094
34 1.1666666666666667 14351567
34 0.7142857142857143 50826511
34 0.7142857142857143 50833021
34 0.5 63623453
34 1.6 27681344
34 0.7142857142857143 63611924
34 1.0 9793376
34 1.6 27794107
34 1.75 4406739
34 1.0 11615112
34 1.75 11431761
34 0.7142857142857143 67206777
34 0.7142857142857143 67206686
34 0.4 64235871
34 1.4 11438685
34 1.0 9756879
34 1.3333333333333333 20879237
34 1.0 11615113
34 0.8333333333333334 23936019
34 1.6 45302874
34 1.1666666666666667 27768221
34 0.8571428571428571 50839708
34 1.75 15049310
34 0.8333333333333334 59461961
34 1.4 27790627
34 1.4 51774554
34 0.7142857142857143 47246093
34 0.7142857142857143 65167216
34 0.8333333333333334 6971407
34 1.6 4402537
34 0.8333333333333334 49240434
34 1.6 49169971
34 1.3333333333333333 20876446
34 1.2 20641805
34 0.7142857142857143 67206734
34 1.0 65167201
34 1.4 27895781
34 1.3333333333333333 20876805
34 1.2 20641806
34 1.6 45732546
34 0.8 61694082
34 1.75 11448626
34 0.7142857142857143 49240494
34 1.5 9679673
34 0.8333333333333334 6971404
34 1.6 45775859
34 0.7142857142857143 49240497
34 2.0 3827342
34 1.2 11456190
34 0.5 65173806
34 1.4 20808342
34 0.5555555555555556 63820667
34 1.1666666666666667 56727619
34 1.4 9765423
34 0.7142857142857143 65167219
34 0.8333333333333334 47237822
34 1.4 18498556
34 1.6 49172199
35 1.4 5106280
35 1.0 9758641
35 0.8571428571428571 61730339
35 1.0 9791629
35 0.8 11272869
35 0.7142857142857143 63153790
35 0.8571428571428571 61745101
35 1.3333333333333333 56679277
35 1.1666666666666667 44857815
35 1.0 67312246
35 1.3333333333333333 45777316
35 1.1666666666666667 51774550
35 0.8571428571428571 59443055
35 0.8571428571428571 51788208
35 1.6 30265481
35 1.0 63472107
35 1.75 14343099
35 2.6666666666666665 15887989
35 1.0 51820759
35 0.7142857142857143 63585817
35 1.6 45676745
35 2.6666666666666665 517418
35 0.7142857142857143 67218777
35 1.0 49230785
35 0.7142857142857143 47237817
35 1.4 45772847
35 2.0 14336423
35 0.8333333333333334 63708094
35 0.75 50839732
35 1.5 14431394
35 1.0 54644018
35 0.625 63585819
35 1.0 21812982
35 0.8571428571428571 50851730
35 1.1666666666666667 51822417
35 0.8571428571428571 50839959
35 1.75 9611904
35 0.7142857142857143 50870096
35 0.7142857142857143 50870093
35 0.7142857142857143 59461956
35 1.4 9623187
35 1.6 4402230
35 0.6666666666666666 51113257
35 0.8571428571428571 61559475
35 1.0 21824628
35 1.4 27669655
35 0.625 63818247
35 1.0 49228692
35 1.0 46290608
35 0.7142857142857143 65154212
35 0.8 11272865
35 0.75 63722967
35 0.7142857142857143 67375296
35 1.4 4406738
35 1.0 50644075
35 0.7142857142857143 63611846
35 2.0 12788448
35 1.0 49230786
35 1.1666666666666667 45735330
35 1.1666666666666667 9770632
35 0.5714285714285714 51115659
35 0.7142857142857143 47237820
35 0.7142857142857143 67385244
35 0.7142857142857143 61512323
35 1.2 11608041
35 1.1666666666666667 22062092
35 1.0 9791628
35 0.7142857142857143 49240432
35 1.3333333333333333 20875619
35 0.8571428571428571 50822210
35 1.2 52795503
35 0.625 63611926
35 0.5 63210197
35 1.0 63444806
35 0.75 63728906
35 0.8571428571428571 47218916
35 1.0 61506840
35 1.0 44856112
35 1.1666666666666667 9773494
35 1.0 61506930
35 1.1666666666666667 22061594
35 1.4 2952603
35 0.5 31103398
35 1.0 46290583
35 0.7142857142857143 59461947
35 1.6 14373450
35 0.7142857142857143 47237814
35 1.75 9778729
35 0.7142857142857143 63585739
35 3.0 15856120
35 0.8571428571428571 61754027
35 1.3333333333333333 45302872
35 0.7142857142857143 37200186
35 0.5 63213919
35 1.0 49228360
35 1.4 18490141
35 0.7142857142857143 61512413
35 0.8571428571428571 49205824
35 2.3333333333333335 549287
35 1.1666666666666667 51774552
36 1.1666666666666667 21809042
36 1.3333333333333333 20875618
36 1.0 47231227
36 0.8571428571428571 61506838
36 1.1666666666666667 20865193
36 1.3333333333333333 20876116
36 1.0 59455366
36 0.8333333333333334 63754774
36 0.8571428571428571 61494835
36 1.8 45306093
36 0.8571428571428571 61506929
36 1.6 45302877
36 1.2 63449143
36 0.8571428571428571 49205822
36 1.1666666666666667 9770631
36 0.75 63713265
36 0.8571428571428571 61494926
36 1.0 56482360
36 1.25 31055449
36 0.8571428571428571 59442361
36 0.8571428571428571 50851813
36 0.625 67218779
36 0.8571428571428571 27908887
36 1.2 20641593
36 1.0 49228693
36 0.5 63803712
36 1.0 30760751
36 1.3333333333333333 45774464
36 1.0 61680788
36 0.625 49240496
36 0.8333333333333334 61687291
36 0.6666666666666666 61694081
36 1.3333333333333333 44990238
36 0.4444444444444444 63853627
36 0.7142857142857143 50833027
36 1.4 20862073
36 0.7142857142857143 67206684
36 0.625 61512415
36 0.625 67206776
36 1.1666666666666667 51768043
36 1.6 45728409
36 1.1666666666666667 9773493
36 0.8333333333333334 23936017
36 2.25 3826611
36 1.0 45683164
36 1.3333333333333333 45732537
36 1.1666666666666667 27894415
36 0.625 50866345
36 1.0 59455370
36 0.8571428571428571 49228690
36 2.0 12786060
36 1.6 45774465
36 1.75 14423522
36 1.0 15065211
36 1.4 49157727
36 1.75 15053768
36 1.0 63137021
36 0.7142857142857143 67206774
36 0.8571428571428571 49228688
36 0.75 63688664
36 0.6666666666666666 11298907
36 1.0 50660985
36 0.625 65167215
36 1.6 4403885
36 1.1666666666666667 9765422
36 0.8333333333333334 65167197
36 1.4 4319255
36 0.8333333333333334 65167200
36 1.2 59455350
36 0.75 61546329
36 2.25 3824816
36 1.1666666666666667 5110181
36 1.6 45302873
36 1.0 47231231
36 0.8571428571428571 63731523
36 1.0 57878510
36 1.4 52790752
36 1.0 56806066
36 1.1666666666666667 56939392
36 0.8571428571428571 30981740
36 0.7142857142857143 63708092
36 0.8333333333333334 61670521
36 1.0 5027192
36 0.7142857142857143 67218687
36 1.2 11443399
36 1.1666666666666667 21032681
36 1.1666666666666667 20864916
36 1.1666666666666667 46238100
36 1.2 47231211
36 2.0 11428891
37 1.0 54664713
37 1.5 21822171
37 0.8571428571428571 59455368
37 0.5 51115655
37 1.6 49181064
37 1.1666666666666667 54641670
37 0.8571428571428571 47231226
37 1.6 20816729
37 0.7142857142857143 50832905
37 0.625 67375294
37 0.8571428571428571 15165112
37 1.4 21961120
37 0.8571428571428571 49228359
37 0.625 59461955
37 0.6666666666666666 11272866
37 0.8333333333333334 6971405
37 1.0 63449142
37 1.1666666666666667 14351592
37 0.75 61753572
37 0.8571428571428571 59455365
37 0.8333333333333334 61670518
37 1.0 31055446
37 1.0 21847677
37 1.1666666666666667 45772845
37 0.75 61730102
37 1.1666666666666667 56931856
37 0.6666666666666666 61694078
37 1.0 21827569
37 1.4 49153553
37 0.6666666666666666 11272864
37 0.8571428571428571 47231223
37 2.0 3317690
37 0.5714285714285714 51113255
37 1.0 11443181
37 0.8571428571428571 47231229
37 0.8571428571428571 9791148
37 0.8571428571428571 49228358
37 1.0 9847364
37 0.75 61744873
37 1.4 56724971
37 0.5 51115657
37 0.625 67385242
37 0.5714285714285714 51113253
37 0.8333333333333334 11460433
37 0.8333333333333334 61687288
37 1.0 50839989
37 1.6 49185856
37 2.0 9593669
37 0.625 61586933
37 0.8571428571428571 59455362
37 1.2 15065590
37 1.4 46238105
37 0.8571428571428571 59455356
37 1.0 63132591
37 1.6 44990239
37 2.0 4403871
37 1.4 9778728
37 1.2 58105403
37 0.625 50870095
37 1.1666666666666667 14450971
37 1.1666666666666667 52782125
37 1.4 21965731
37 1.4 20890469
37 0.8571428571428571 61728635
37 1.1666666666666667 54636554
37 0.8571428571428571 47231217
37 1.0 37200545
37 0.8571428571428571 61506926
37 0.625 50833029
37 0.625 47237816
37 1.1666666666666667 20931219
37 0.8571428571428571 47218222
37 2.0 14340279
37 2.0 14416174
37 1.0 11608038
38 1.1666666666666667 45772843
38 0.8571428571428571 61494833
38 0.75 49418075
38 0.8571428571428571 49228691
38 0.75 61494925
38 1.3333333333333333 4402163
38 0.8571428571428571 49416576
38 0.7142857142857143 51105895
38 0.6666666666666666 11298906
38 1.0 47231210
38 1.4 61555866
38 1.0 11264754
38 0.75 63713218
38 1.75 14407312
38 0.8333333333333334 51104895
38 0.75 49226394
38 0.75 61506928
38 0.625 63150049
38 1.1666666666666667 45679857
38 0.7142857142857143 30993950
38 2.0 12816840
38 0.75 49228754
38 1.1666666666666667 4319174
38 1.0 63449223
38 0.625 30996267
38 1.3333333333333333 45732529
38 1.3333333333333333 45302871
38 1.4 9778727
38 0.8 30472311
38 1.0 59455349
38 0.8571428571428571 61494923
38 1.4 20635981
38 1.0 49228757
38 1.2 9847530
38 0.7142857142857143 30456911
38 1.0 11264758
38 1.4 49157082
38 1.0 9847363
38 0.8333333333333334 59470233
38 1.6 4403870
38 0.8333333333333334 50832388
38 0.8571428571428571 61506836
38 1.1666666666666667 51768041
38 0.8571428571428571 49228689
38 1.0 20641592
38 1.0 47231207
38 1.1666666666666667 45772864
38 1.1666666666666667 54664717
38 1.1666666666666667 49156962
38 1.2 61600395
38 1.0 59455346
39 1.75 20636195
39 1.3333333333333333 49181062
39 1.3333333333333333 49185854
39 1.2 21821957
39 0.8571428571428571 61680787
39 1.6 20879887
39 0.5714285714285714 61694080
39 0.7142857142857143 61670520
39 0.75 30982920
39 1.4 14450854
39 0.75 59455364
39 1.0 11454087
39 1.0 20641591
39 1.0 49096378
39 0.7142857142857143 61687290
39 0.8571428571428571 50839987
39 1.2 21822170
39 1.4 21945607
39 1.2 21822169
39 0.8571428571428571 49228753
39 0.8571428571428571 61663445
39 1.1666666666666667 49218149
39 2.25 9591399
39 1.0 63132534
39 1.4 9777420
39 1.2 27617857
39 1.4 14351971
39 0.6666666666666666 11272863
39 0.8571428571428571 61673393
39 0.8333333333333334 21847676
39 1.0 61512375
39 1.6 45774467
39 1.4 49157086
39 0.8571428571428571 49228756
39 0.8571428571428571 61300128
39 0.7142857142857143 65167199
39 0.75 47231225
39 0.8333333333333334 21827568
39 1.1666666666666667 56473738
39 1.2 54644022
39 1.1666666666666667 30769644
40 1.0 33217107
40 1.2 20661701
40 1.1666666666666667 20635980
40 1.4 27612163
40 0.625 51105893
40 1.3333333333333333 45777299
40 0.6666666666666666 30472308
40 0.8333333333333334 11264753
40 1.0 61555127
40 0.8333333333333334 11602817
40 0.8333333333333334 21827567
40 1.0 11602820
40 0.7142857142857143 59470232
40 1.0 61553586
40 0.7142857142857143 51104893
40 1.0 15066995
40 1.0 56756450
40 1.0 33217103
40 0.8333333333333334 11264755
40 1.1666666666666667 9777417
40 0.8333333333333334 21847675
40 1.1666666666666667 14353227
40 0.7142857142857143 50832386
40 1.0 30760756
40 1.2 61506888
40 1.4 27597669
41 1.0 21821956
41 0.8333333333333334 50834883
41 0.4444444444444444 63853628
41 0.75 61663443
41 1.0 49218148
41 1.1666666666666667 20635979
41 0.8333333333333334 50832968
41 1.0 54644020
41 0.75 61673391
41 2.25 3320425
41 0.7142857142857143 31002728
41 1.4 20636193
41 1.1666666666666667 44809904
41 1.4 54641674
41 1.0 30458983
41 1.6 52786353
41 0.8571428571428571 47231209
41 1.3333333333333333 45774463
41 0.75 49228755
41 1.5 21843047
41 0.7142857142857143 50832432
41 1.4 20636194
41 1.4 49153551
41 0.8333333333333334 50832954
41 1.0 49207139
41 1.2 11257028
41 0.8571428571428571 59455348
41 1.2 27909246
41 1.2 61494885
41 0.8333333333333334 61512374
41 1.1666666666666667 49153549
42 0.625 64100714
42 1.3333333333333333 56737570
42 0.8571428571428571 49207137
42 0.7142857142857143 50832436
42 1.0 61506887
42 0.8333333333333334 61512371
42 1.0 21821955
42 0.8333333333333334 33217102
42 0.7142857142857143 63144475
42 1.2 23925808
42 1.2 5027636
42 1.4 56728984
42 1.2 23925804
42 1.75 21817746
42 0.8333333333333334 11600888
42 0.7142857142857143 11600885
42 1.1666666666666667 49157080
42 1.4 9777416
42 1.2 22052316
42 0.8333333333333334 33217104
42 1.4 54636558
42 1.6 52738015
42 0.8333333333333334 33217101
42 0.625 64070672
42 0.8333333333333334 11264752
43 0.8333333333333334 30458980
43 1.2 6961192
43 1.6 14410267
43 1.2 21843046
43 1.75 20657071
43 1.2 30446288
43 1.5 15057730
43 1.0 20661699
43 1.0 11257025
43 1.0 20661700
43 0.7142857142857143 50832952
43 1.1666666666666667 54641672
43 1.1666666666666667 56744699
43 1.1666666666666667 9777415
43 1.2 6961196
43 1.0 61494884
43 0.625 50832430
44 1.0 61494881
44 1.4 5110524
44 0.7142857142857143 61512373
44 1.0 23925802
44 1.4 4319618
44 1.0 23925803
44 1.0 61506884
44 1.1666666666666667 54636556
44 1.0 23925805
44 1.2 21843045
44 1.1666666666666667 9777414
44 2.0 20631770
44 0.75 63724706
44 1.4 21817745
44 1.6 14335940
45 1.0 6961190
45 0.8571428571428571 61506886
45 0.7142857142857143 63502265
45 1.0 6961191
45 1.4 20657070
45 1.0 30446285
45 1.4 21817744
45 1.0 6961193
46 1.6 20631769
46 1.75 15054883
46 1.0 49218183
46 1.4 20657069
46 0.4444444444444444 63803710
46 1.6 4402506
46 1.4 9777091
46 0.8571428571428571 61494883
46 1.6 21947438
47 1.6 21942899
47 1.0 11463675
47 1.0 27617856
47 1.6 20631768
48 0.8333333333333334 11462623
48 1.1666666666666667 9777090
48 1.2 9759029
49 1.1666666666666667 9777089
49 1.1666666666666667 27597668
49 1.1666666666666667 27612162
49 1.2 11457329
50 1.0 11456277
51 0.8571428571428571 63132151
