26622421 128358 1013
59004663 98 18
48628083 15730 185
14291797 -6 5
5120777 0 1
15488550 1244 50
26728633 30448396 2899
29370782 -2 3
67482476 5728 72
55331265 684 18
17061268 1076 20
46444455 12 4
36091784 146840 312
5113397 -8 5
17720405 555276 531
23985715 98194 266
47462029 16 4
4436915 165898 254
20431520 891900 913
32301956 2 2
39372291 8698 66
31812108 4704 40
65449942 394 14
28259351 796590 423
56196240 296 31
13490842 37278 134
64214062 987534 603
38509016 560122 506
5879275 508 12
57046496 -432 129
65875313 25460 87
61555845 -234 18
29846877 120546 331
63750917 658 51
49411164 24208 144
63735448 50626 114
43197024 186228 381
24959013 833184 640
22261950 2 2
787228 2840 32
19554627 -308 36
22061122 -658 75
18154771 4634 102
49096429 -32 24
21954070 517842 791
22347660 510644 348
17638009 14544 72
20781842 0 1
9878585 31276 156
41584920 24150 87
21842500 6060 45
56555459 -2 3
24801341 1275504 660
60549985 -9692 134
965815 50 6
42656624 214 9
6040685 4396 40
38045435 178 18
30447457 6968 72
24511384 41296 108
21831185 24468 143
9300168 -3150 94
13225388 1944 27
53155571 -26 7
48791989 2369770 587
8103290 50 6
14440744 91318 155
56805809 18910 122
20093112 46248 209
55230090 2136 28
55239717 1386 40
2275452 11522 57
28771820 57024 216
42753512 31852 171
23751077 764 32
42509359 12224 61
65515197 12 12
51407663 29982 91
24957758 5047920 1080
34532825 10580 96
23838646 48084 120
33170953 26814 142
13884787 2278514 658
48921099 758 19
60226131 256 12
55048053 44 6
52881693 8298 50
3191947 240 12
52281448 2 2
52403935 16 4
10226407 9542 102
44814555 2560 32
48154746 31214 97
57872672 1874 34
53307113 752 11
32561240 2390 54
49277440 730032 446
39343326 50 6
23680490 501472 492
19835145 8042 70
22114458 951136 580
30946436 12245784 3376
37226407 353314 307
15247909 28 5
54963005 452 15
43375393 77010 150
31447654 17406 75
34475920 394 14
23469417 16 4
41350977 687948 436
8362526 394 14
21505398 9692 72
9527110 335180 219
20881213 7798588 924
67959213 5714 122
21043226 68252604 3786
52805765 1040 21
42381420 56338 122
8300008 345692 296
55021536 1268 24
52384906 512 16
1905674 118 11
23635881 16 4
6913424 96 8
42319721 162 10
56865586 50480556 2568
3867312 14912 70
56929948 4484592 928
16544054 104 8
11667959 137830 181
41995676 2 2
52160637 28 8
22239622 70 6
59502543 5157120 966
51763935 12288 36
9627899 89420 220
18981332 73451740 3020
8214678 74 7
21799239 80 14
56429166 0 1
52393684 1226 22
27952778 252003760 7423
21869885 290 12
21935466 41536 155
6939190 8220 59
30779422 4736 25
65272020 576 16
24046802 56874 129
19520356 52162 350
28268537 582976792 7110
61501646 152998 225
20589824 171474 201
50385840 1088 32
36613825 122948 144
14955907 8624 50
58493636 443058 322
42590635 33382074 2331
9789283 3598114 1026
27971844 557890 386
61606261 35842 195
60231309 46494 186
11669555 28620368 2221
56777110 22620 80
18548368 30176 152
50378436 8043986 1154
10727730 1058 21
36620293 953088 536
31456627 16062922 1986
22163678 4668598 1159
24111223 4394810 862
50911930 228368 440
1207762 1226916 527
31146869 255250 225
14980211 2168 28
11444026 52762 218
59796936 20992 80
36888980 2178 38
42591345 51576 123
47754715 394 14
27775539 3770728 1192
15081560 19481322 1789
27939349 979210710 13709
36641933 4800 48
25366328 5767920 1067
28189497 55376 196
52858075 273546 247
28078298 20981976 2392
49392830 208 32
20631659 2554890 844
50917939 166272 205
67274679 38948 143
6985416 142992 188
56805977 48478250 2004
50660983 47178 142
14435818 8160 60
52303430 18 10
6851054 243458 543
63957654 10146 47
30740151 1162 22
20987194 1132254 513
18567349 28656 92
48059180 417560 663
54670211 16212 76
63623415 542322 350
30446397 621892 280
67356571 49733188 2726
56424455 1182 30
55622203 475618 266
62965056 1701060 545
63946345 3487192 860
58470391 163970752 4420
50542892 33600 87
64030063 26066 73
59517836 4374180 1300
25272908 350272 364
61721168 1266912 540
30938538 11310298 2227
4431437 13586 270
7123133 4598222 942
18568801 27754 104
49401712 89280 144
51731463 5282 57
27783333 199264 1198
51139637 1040 20
10054100 85977584 4600
49232305 16384 104
56733916 13960210 1084
45777200 91082 259
31158939 693284 289
64308026 1597018 525
23666111 4566 90
31055473 75029792 2919
27908531 69526 131
63799750 12548 70
8251992 18922994 2777
33145254 7666 50
20661676 9085840 1716
52685992 938158 412
45306091 19560 141
14274679 49926056 3129
56589038 8674698 871
27783246 6520224650 22416
31171155 6633094 1064
2973740 20160506 1440
27783672 -3682 479
30888269 4044 132
27374618 411510 509
63540789 16409732 1036
33168506 139114 222
22082494 603128 340
56943519 13221908 1410
63864842 33053592 1988
30515618 338314 189
52765235 1052116 455
20591763 15118 82
50525689 502698 342
18520367 1520 24
9806036 279007832 5878
50754405 1908 36
9843581 5544 52
63776401 7600354 996
9791157 17966906 2028
9753221 20157196 2195
22070940 160409860 4589
63260020 2274 30
56761715 319358812 5412
37313400 304304 204
21954198 25489310 3115
61318407 137394 346
63162738 3616424 547
63260669 186 10
47962875 24326 141
51189536 6460464 1020
22065219 45428962 2783
31058156 29603850 1996
30403640 113938 163
18539988 25013210 2590
21824625 5107618 1188
30688944 336350 188
20803552 182231900 3569
9769511 19892 97
61483820 2168 41
63859807 5951114 954
63122047 1894786 522
62954037 27380 81
49215297 30814176 1933
59421373 35408 148
12818995 1182546 462
54667419 10524 102
5113423 3388 76
20808367 850960 479
63961491 261724 241
49230534 1320048 838
65271680 7170 42
48117640 3462576 953
56592139 2308498 529
67224226 88154 182
45849844 829722 382
63707642 933186 466
58311872 2078282 660
10013357 7967966 1284
42667261 93200 204
63122045 128842 174
30425274 38220850 3245
63135399 46636 84
59566580 9950736 1280
61553487 122517478 5461
11635833 31021280 3911
22060655 1020 19
11713176 28402 216
58231407 2778 32
49403152 22178624 1936
11229871 589554 322
63040467 41002 102
63040472 400510 294
9806470 9050964 1149
49226760 8679990 2478
11589551 40176 103
57915928 248752 315
47231033 1567668 659
46295922 600320 385
49226758 432548 392
52317516 98 14
50644109 11376 108
49215302 30228 119
49405048 175118 215
63779829 761586 377
11620775 34328 97
11462885 129686 207
20661913 1105868 489
50869591 49727190 2943
58214839 20926 101
50839961 8080 51
49201085 8181172 1348
50918917 576 16
50928186 2720 32
63623451 480320 324
65167217 166046 235
63381222 220448 216
21812985 446136 356
51756821 4240 60
30390571 3546398 1457
61512416 2243028 745
23936019 4398152 798
50851825 41558268 2454
14351567 2276 104
11456190 2516192 1013
6971407 2003664 547
20876117 9013380 1306
61694082 280128 260
22062092 830478 418
33227316 284168 193
15887989 128616 260
61494927 776288 476
18490141 9544128 1364
9847365 950340 492
49230786 5167866 870
63585739 1454130 534
46290583 121036 172
9770632 116526 190
56939392 5158706 792
50866345 19145698 1846
20864916 42524374 2871
63803712 191340 233
49205822 83668 160
45732537 3286172 637
21032681 165096 123
63713265 354744 284
61494835 14800798 1821
45683164 838156 346
61753572 46446038 2756
61730102 2903316 725
47231217 179618 254
47231223 60280 149
59461955 898210 466
49153553 11420 104
51113253 6816192 1176
61694078 280128 260
67375294 52462 186
20816729 253216314 5451
61555866 26027186 2746
45679857 5320078 741
47231210 12551658 1278
51768041 2224 20
49228689 11777410 1118
61600395 32914254 1765
20641592 1588926 878
47231207 185358 242
61494833 188738 318
50832388 7117576 1350
61670520 7554980 1201
49096378 30485346 1446
59455364 2564968 834
61673393 1514862 539
47231225 897460 498
49185854 138394 175
49228753 5670434 823
54644022 747438 346
50839987 2773240 650
27617857 1362134 771
11264753 2860228 770
51104893 32560496 1927
50832386 6966578 1660
45777299 1804696 524
33217107 187404 160
21847675 193534 316
33217103 72546 121
11264755 9802004 924
30472308 296320 290
15066995 6392 118
52786353 1840660 735
31002728 75748012 2698
61512374 4665340 968
11257028 62664 91
63853628 1908794 562
50832968 6298 103
20636194 7190836 1667
27909246 20198682 2166
61663443 281378 391
54644020 709244 404
5027636 5560372 988
54636558 6008908 897
33217101 72546 121
22052316 1630830 522
64070672 781260 440
56737570 1448444 604
61506887 47614610 3020
23925804 1401792 495
23925808 3208368 636
52738015 57424 99
11257025 75796 157
9777415 741988 335
6961196 1294856 422
20661699 417654 489
61494884 21346032 2024
50832952 40180 244
20661700 2205872 1038
30446288 23594 95
15057730 23046 106
14410267 67948 153
21843045 3908 36
61494881 485674 470
63724706 183376410 4512
61506884 1142958 706
61512373 1074742 602
14335940 344790 541
20631770 43626 131
9777414 139782 148
4319618 9047132 1474
21817745 274220 219
6961190 654790 347
61506886 11380944 1863
21817744 32242 94
6961191 5687678 821
6961193 5540964 863
30446285 28462 138
20657070 26342 112
63502265 207828 309
20657069 5226 53
4402506 248388 504
20631769 213482 275
61494883 4949820 1247
21947438 4996 70
9777091 5157930 1065
63803710 65338 253
15054883 298306 306
49218183 6602 78
27617856 4241928 1182
20631768 43626 131
11463675 136810 167
21942899 4996 70
11462623 1153396 428
9777090 30126778 2358
9759029 3956638 754
27597668 9341554 1715
9777089 5157930 1065
27612162 28629802 2999
11457329 640154 333
11456277 4613240 794
63132151 469922 199