59677478 0 12 4 4
35394136 0 2 3 3
3747304 0 605744 396 396
44741676 0 0 1 1
48814625 0 354 26 26
3029468 0 50 6 6
68442442 0 1648 36 36
24764611 0 16 6 6
26761764 0 1132 37 59
35179750 0 4 5 5
32141341 1 304416 288 360
45155498 1 8560 63 78
17189102 1 1730 26 30
6966802 1 10508 60 96
25640111 1 208 16 22
35882697 1 159152 308 544
46863630 1 1222 49 76
649173 1 6 3 5
263726 1 410 18 56
43986776 1 42 6 12
42643384 2 19504 80 240
2056153 2 272 12 48
31426618 2 308170 293 816
58107817 2 8 3 6
28685563 2 6086 98 150
2523759 2 13528 67 86
38377844 2 8736 72 104
9158137 2 1936 28 70
63869360 2 8330 55 151
43495712 2 12 4 16
10678246 3 433184 312 534
5240584 3 2405894 648 1860
28082789 3 4364 52 72
20365469 3 492 27 39
44572667 3 792 18 31
35152882 3 96 9 17
5917380 3 3024 36 78
41003335 3 754 18 58
28763406 3 32012 182 259
5984542 3 23824 76 108
21212143 4 138764 341 442
26642989 4 1712 84 492
63966879 4 460182 287 1749
12272866 4 114346 235 400
23677986 4 1946640 848 2170
7119579 4 9070 50 556
6933575 4 43046956 3207 8109
13252431 4 555540 333 942
59916451 4 46 10 36
3493404 4 13250 66 801
53240345 5 0 1 12
20780479 5 506886 308 1431
21557768 5 120402 197 930
54417344 5 21766 75 283
55796706 5 1336 35 77
9198995 5 32606 139 330
46347644 5 27808 89 113
14391907 5 2 2 16
14956912 5 272 12 564
27273242 5 528 19 300
61838526 6 4618 38 337
58065049 6 11200 49 357
36089253 6 3282 30 116
30919014 6 8519618 1088 1914
10813160 6 12644 102 146
27108706 6 402 18 108
42610822 6 16 5 40
10666280 6 93386 373 513
50360532 6 122 7 150
54016822 6 452 15 102
18904586 7 32038 94 392
66174433 7 5838 46 691
33124147 7 14488 57 281
37888485 7 126 9 69
48160074 7 21688 69 159
30924270 7 23037776 1991 3161
55003852 7 8 3 75
35634560 7 1152 32 204
52914187 7 1358 34 58
55701482 7 112 8 107
19803828 8 10344 56 1583
49545354 8 53904 132 2000
52390610 8 32266 94 444
42002476 8 69144 184 452
55694553 8 3496 37 974
52190039 8 2816 32 173
5067809 8 76250 197 1057
28017379 8 5938 45 1549
33451522 8 50 6 405
26343973 8 1640378 586 5977
2524024 9 72 7 83
39641692 9 8 3 73
481754 9 142624 187 2631
52763694 9 4982538 954 9839
29745077 9 231090 311 894
33336256 9 58378 94 1190
11319147 9 80 8 1253
58339016 9 0 4 32
43698469 9 39204 90 386
56639278 9 0 1 36
30983175 10 342340 216 2357
41176267 10 49594 110 6530
13819919 10 1102 25 47
33064866 10 16488 72 529
51615972 10 10186 54 204
9966731 10 134628 294 541
41189671 10 29312 96 921
52192235 10 3080 32 392
22080021 10 73066 191 295
56746394 10 2 2 119
64269624 11 34704 85 691
54055032 11 4736 39 1290
61247758 11 484900 538 5132
24103207 11 7291136 1257 3240
59269127 11 256 16 346
23369726 11 20880 84 1449
8277735 11 80408 276 1741
61601606 11 1360 36 2322
51268303 11 11464784 1404 7311
22693842 11 386916 372 1634
11614585 12 42 6 930
63742772 12 1004706 459 3299
61550380 12 52752 168 2352
54779749 12 96272 155 733
22257863 12 347934 326 4662
66685462 12 1376 24 333
548815 12 370892 300 827
48145908 12 246112 243 958
14926580 12 2320118 1028 1839
49053773 12 99618 150 1658
58850994 13 69568 144 971
56463601 13 52544 96 1284
64219686 13 233430 211 1506
22233166 13 8366 55 850
63214728 13 69130 170 1580
41733694 13 14762 54 3864
22084088 13 289712 221 1076
13270230 13 70 6 257
18573746 13 2241270 625 2349
63201519 13 169896 268 520
19706392 14 307614132 6258 37156
44784133 14 704 16 166
31316867 14 17664 96 1555
49468613 14 20 4 54
56469666 14 22764 71 1740
25445653 14 2080 27 1160
12272605 14 139218 234 621
30998412 14 50 6 50
41773170 14 73134 198 1298
22017837 14 1908 27 239
27431518 15 1498292 964 2764
8183154 15 257868 346 970
30865694 15 546912 508 1278
63811977 15 30201922 2386 4453
63052691 15 90334 203 918
18459746 15 494994 452 2156
31171173 15 202649874 4304 29648
30431709 15 84336 156 6587
22086797 15 857214 602 1428
22170111 15 42834 110 1980
56488699 16 914326 338 4052
52684099 16 16 4 416
30791472 16 161547494 2795 7004
11534521 16 19474370 1660 6537
42985481 16 882 18 1330
56635957 16 112 8 462
43290388 16 13608 72 966
27911420 16 626349566 9067 25113
63801800 16 280464 256 2110
18626891 16 21784 71 470
6888669 17 77608 140 1519
53173452 17 67158 125 2093
21916266 17 5052892 892 6437
41386299 17 274520 273 1954
53387532 17 681530 394 5946
67382421 17 596710 377 6432
47344047 17 26900 176 472
68401684 17 528 20 1674
21048857 17 43720892 2655 33244
65110972 17 1210 21 278
800500 18 600 20 181
63113515 18 382804 272 744
49413881 18 794 32 315
11603180 18 40992 95 2369
37342981 18 738 18 1184
49230835 18 54467660 2516 28678
54991767 18 78792 171 1416
47577681 18 12282 66 1316
63756902 18 427181976 6889 29033
30394626 18 49034 138 2319
63812042 19 102302926 4334 16125
5039321 19 28710 93 1311
11643996 19 2404064 570 4582
47554988 19 393558 210 2458
43251551 19 1609800 597 4359
56521413 19 39550 145 6571
20881373 19 101956 98 6246
52788155 19 119064 180 2191
28012255 19 255008648 6535 17223
52355716 19 48488 120 1997
49268946 20 78964 99 5613
19793486 20 24163780 1819 6481
33205561 20 58992 132 2204
11331054 20 2956 36 1420
13786415 20 310490936 4968 13590
20631130 20 1392 24 1410
28050296 20 10135570 1500 14257
64254695 20 24602856 2032 8219
12841629 20 95666 131 466
56437575 20 9210 79 1593
50594990 21 6482 60 632
61670462 21 156408 441 2281
53238305 21 40 5 284
63087123 21 31312 92 3078
46622777 21 156588 195 1328
64266615 21 1992078 519 3084
44827259 21 144250 106 2924
63801137 21 654652 575 1273
20931178 21 204972642 6305 10222
14533224 21 58848 121 3138
14352151 22 50440 190 2859
25236854 22 718134 502 1211
23810498 22 3077944 862 4479
4470011 22 41463562 2349 4478
54706731 22 32662 240 1707
47344508 22 1578096 548 6088
19884119 22 688108 400 4518
22003235 22 134592 187 1080
27688982 22 9151608 1980 19820
9573351 22 85056 144 1955
28321797 23 27198176 2083 13763
9566425 23 36876 153 2733
21818922 23 613570 541 1891
42537651 23 419174 342 14294
63804128 23 10564 59 361
49421128 23 7811586 1189 5276
59339267 23 92064 184 11738
50909089 23 130838 151 516
50851490 23 22954 85 1322
63706701 23 3768400 839 5989
12845727 24 266530 230 2162
63724810 24 153911356 4686 23537
63564845 24 399368 309 20725
49183598 24 3336650 1086 4166
9691082 24 50047764 3454 9508
20768467 24 128972 395 4018
52801861 24 96818 153 1311
36880190 24 2640 40 638
54664715 24 95156230 3025 7992
59436840 24 273332 277 2101
58214709 25 158856 198 3007
30351719 25 136 9 1094
51471015 25 65304 136 1756
33407587 25 372108 261 2187
67266978 25 150702 308 1183
61658755 25 534950 369 1360
59420310 25 1199856 957 7799
30980471 25 792880 239 6938
49513498 25 23903368 1581 4709
67195673 25 13884 77 1493
51472514 26 20402 77 2414
45843912 26 88402 153 2360
63701296 26 2243120 648 12531
59574682 26 1848208 628 9118
50851754 26 468 16 1119
62937388 26 2274 30 2212
9774412 26 67584 165 2146
50822209 26 110792 127 1209
54097848 26 738 18 350
6985752 26 378158 304 2648
20644466 27 371574 452 4268
30993847 27 61806612 4135 6951
31044301 27 163195112 4589 28320
11231229 27 406514 395 11567
48958909 27 81636 284 8147
59455340 27 4112816 716 20155
49166320 27 120050 178 2755
9617154 27 356580 356 4118
56749962 27 18123256 2148 18367
20874040 27 2136 29 502
45786566 28 1106268 428 6880
5122736 28 125940 101 827
30503538 28 11926 51 1088
9759001 28 1558698 1094 3074
22103294 28 625706 330 1361
51115673 28 1457984 552 5735
67218534 28 1190812 629 6837
50375497 28 11862 63 2468
11620390 28 15569546 1532 10292
61730345 28 587112 316 1233
56671562 29 6189872 1008 5235
63853631 29 3072556 602 2643
63731087 29 167626 190 11249
9714088 29 339438 202 1458
27361290 29 3528920 1075 19252
67399091 29 432160 304 4119
65127494 29 9474 66 1700
9624474 29 4080 85 454
9758692 29 1428179002 18430 52584
59470121 29 9040516 1244 3138
11713176 30 60188 216 1635
11635833 30 41216042 3911 16227
47342437 30 963238 426 2309
18565498 30 10020 64 1337
31055073 30 93849586 3381 31705
9690817 30 13572276 1647 5405
52001111 30 10338 96 1107
56589055 30 29134340 1829 9935
27783587 30 20809052 2386 12310
63097620 30 30530 94 13493
9806465 31 40576120 2114 15912
22066454 31 98128 164 1084
4479855 31 42304412 2202 33282
65154907 31 464724 408 2658
22065216 31 9831372 1444 9254
9562231 31 98521978 2601 7574
61694122 31 892496 428 2490
49203208 31 59260 134 1812
22087543 31 895450 407 1831
20858008 31 28817538 2151 5019
61342305 32 290490 410 14920
49215003 32 52672 129 3539
20827099 32 30920386 2191 5574
50661005 32 31257190 1839 8581
51768175 32 55570 204 2749
45735347 32 324214 226 5750
50592610 32 6914 66 2361
11481123 32 317160 236 1379
63033476 32 161316 188 1770
11601251 32 3922276 1593 6774
50644076 33 35578 102 1103
50839961 33 9380 51 369
58063111 33 73244524 2085 5296
30350855 33 23847914 2220 7015
54664779 33 3345982 876 9137
9691011 33 2848086 866 5774
23936022 33 1018166 386 3562
57889993 33 2117194 615 6618
67218691 33 2188010 746 3119
50870099 33 300703728 5586 32934
67224266 34 183736 245 1934
67206686 34 3903728 913 5658
50826511 34 948897348 9213 32911
65167219 34 3278402 796 5108
49228361 34 11533462 1374 8543
27768223 34 209788 384 1026
27790624 34 4022522 1634 6693
44991283 34 31528 65 2035
49240430 34 3701112 664 10639
9793376 34 12508696 1677 14343
67385244 35 224926 222 516
15856120 35 42434 94 452
50833030 35 34470762 2082 10863
63818247 35 65130 130 1267
63708094 35 19459926 1648 5769
18490141 35 9810684 1364 10043
44827655 35 796 20 1024
67218777 35 152480 252 4090
45735330 35 56086 95 1329
67375296 35 224926 222 505
65167200 36 5035940 816 6452
5110181 36 46166 151 494
63853627 36 477822 281 2234
20876116 36 1812980 619 6478
15065211 36 1400 36 336
65167215 36 414250 336 3163
61687291 36 52239102 2681 16171
4403885 36 3503776 1097 11320
27908887 36 191805094 5286 39892
61506838 36 44417144 3051 14197
21965731 37 572 22 1708
47231229 37 12881906 1474 9474
54664713 37 22842834 1989 8872
56931856 37 631170 288 1067
59455368 37 30103722 2270 15174
49185856 37 653608 250 1267
59455362 37 200096 250 6683
59455365 37 10637602 1418 10485
49181064 37 124880 250 1137
54636554 37 48032 136 2887
45302871 38 68924 156 1769
49157082 38 797548 752 2870
9847530 38 173434 157 2170
30993950 38 68245946 2962 14768
61506928 38 5804966 1250 8202
49228691 38 396700438 5789 40259
45732529 38 240226 186 2618
4402163 38 47608 175 679
59455349 38 35161292 2094 19628
30996267 38 2567748 573 3934
47231225 39 998354 498 5319
61670520 39 7554980 1201 9419
63132534 39 129124 109 2990
9777420 39 5055172 601 9539
49157086 39 353040 374 4278
21827568 39 1291656 630 3319
21822169 39 861278 440 5856
61694080 39 1255712 520 4407
59455364 39 2851040 834 8693
21822170 39 6501054 1037 8569
51105893 40 429898 422 1134
20661701 40 551942 489 2854
30472308 40 337312 290 2130
11264753 40 2996500 770 8232
21827567 40 182154 272 2156
61555127 40 765392 605 2112
61553586 40 864562 478 15250
27612163 40 11773856 2030 4824
56756450 40 1993760 512 2906
30760756 40 4966874 1362 11898
50832968 41 14006 103 1388
52786353 41 2103692 735 4995
61663443 41 357058 391 1171
20636193 41 1712764 769 8934
21843047 41 3908 36 594
50834883 41 7268 80 992
20635979 41 2364922 785 5207
31002728 41 76009044 2698 10115
47231209 41 3497588 760 10848
20636194 41 8622600 1667 13379
63144475 42 8214872 746 12560
64100714 42 781260 440 2988
9777416 42 134668 148 5712
33217101 42 72546 121 3422
33217104 42 851284 345 6048
11600888 42 19525034 1154 7995
11264752 42 298312 291 5639
61512371 42 131836 236 4322
23925804 42 1401792 495 5148
23925808 42 3215944 636 7931
6961196 43 1296536 422 4920
61494884 43 22874120 2024 13192
9777415 43 776260 335 17008
30458980 43 1880396 647 5290
20657071 43 6150 53 1049
6961192 43 654790 347 3169
21843046 43 35608 84 2091
11257025 43 87308 157 4691
30446288 43 27422 95 1319
54641672 43 7480954 1228 10599
4319618 44 10092854 1474 6999
21817745 44 274220 219 3489
21843045 44 3908 36 1473
61494881 44 581674 470 8631
61506884 44 1357854 706 13175
23925805 44 12773130 1277 18671
63724706 44 186476792 4512 18245
14335940 44 537078 541 4290
23925803 44 11810436 1172 16014
20631770 44 48422 131 1355
21817744 45 32242 94 2352
6961193 45 5597464 863 11572
61506886 45 12708624 1863 16960
20657070 45 30990 112 3369
6961190 45 654790 347 6449
6961191 45 5687678 821 9904
30446285 45 39712 138 2641
63502265 45 261434 309 1515
61494883 46 5550312 1247 11104
20631769 46 237378 275 3893
20657069 46 6150 53 2295
9777091 46 5243862 1065 13039
4402506 46 415974 504 2552
63803710 46 103060 253 1495
49218183 46 9594 78 7753
21947438 46 7246 70 5284
15054883 46 324722 306 1582
20631768 47 48422 131 2500
27617856 47 4992982 1182 3307
21942899 47 7246 70 4993
11463675 47 147310 167 1280
9777090 48 30629882 2358 37887
11462623 48 1214086 428 2891
9759029 48 4175388 754 5872
27597668 49 11062250 1715 5141
27612162 49 33874222 2999 8930
11457329 49 670286 333 2883
9777089 49 5243862 1065 24202
11456277 50 4766448 794 5964
63132151 51 469922 199 4780
