1 29437603
2 18340982
3 7122693
4 5626866
5 2227620
6 1892417
7 852018
8 1012406
9 390797
10 399036
11 208349
12 250632
13 112129
14 128893
15 64473
16 113559
17 40701
18 47431
19 23483
20 42332
21 16696
22 23992
23 11271
24 16440
25 7329
26 10917
27 4810
28 9507
29 3547
30 5352
31 2963
32 8161
33 1697
34 2523
35 1447
36 2882
37 1163
38 1780
39 712
40 1897
41 517
42 1084
43 496
44 851
45 383
46 548
47 328
48 971
49 279
50 548
51 240
52 403
53 159
54 224
55 127
56 326
57 46
58 179
59 67
60 297
61 62
62 48
63 67
64 172
65 77
66 44
67 27
68 103
69 19
70 14
71 31
72 114
73 6
74 5
76 57
77 27
78 10
80 80
81 7
83 8
85 24
86 4
88 10
89 7
92 34
96 19
98 12
108 10
110 28
128 14
136 14
